6 0.5275283911671924 0.9672726562499999 0.8509463722397477 0.9232546875000001 0.6025236593059937 0.784375 0.5275283911671924 0.9672726562499999
1 0.7582097791798107 0.7144296875 0.8330567823343848 0.70458984375 0.8126908517350158 0.6665757812499999 0.7348233438485804 0.675590625 0.7582097791798107 0.7144296875
1 0.7379511041009463 0.6664749999999999 0.8127996845425869 0.65663515625 0.7924337539432177 0.6186210937500001 0.7145662460567824 0.6276359375 0.7379511041009463 0.6664749999999999
1 0.7214558359621451 0.619509375 0.7963028391167193 0.6096703125 0.7759369085173502 0.5716554687500001 0.6980694006309148 0.5806703125 0.7214558359621451 0.619509375
1 0.7020047318611988 0.5734703125 0.776853312302839 0.56363046875 0.7564873817034701 0.52561640625 0.6786182965299685 0.53463046875 0.7020047318611988 0.5734703125
1 0.683108832807571 0.52319609375 0.7579574132492114 0.51335625 0.7375914826498422 0.47534140625 0.6597223974763408 0.48435625 0.683108832807571 0.52319609375
1 0.6631561514195583 0.47372109375000004 0.7380047318611987 0.46388125 0.7176388012618297 0.4258671875 0.639769716088328 0.43488125 0.6631561514195583 0.47372109375000004
1 0.6421719242902209 0.422971875 0.7170205047318612 0.41313281249999995 0.6966545741324921 0.37511796875000003 0.6187854889589905 0.3841328125 0.6421719242902209 0.422971875
1 0.6215047318611987 0.36985078125 0.6963533123028391 0.3600109375 0.6759873817034701 0.321996875 0.5981198738170348 0.3310109375 0.6215047318611987 0.36985078125
1 0.6008548895899054 0.31753828125 0.6757034700315457 0.3076984375 0.6553375394321767 0.26968437500000003 0.5774684542586751 0.27869921875000003 0.6008548895899054 0.31753828125
1 0.3330473186119874 0.7525703125 0.4078958990536278 0.74273046875 0.38752996845425863 0.70471640625 0.3096608832807571 0.71373125 0.3330473186119874 0.7525703125
1 0.30959779179810726 0.7091023437499999 0.3844447949526814 0.6992625 0.36407886435331227 0.6612484375000001 0.28621135646687695 0.6702625 0.30959779179810726 0.7091023437499999
1 0.2856277602523659 0.6623109375 0.3604763406940063 0.65247109375 0.3401104100946372 0.61445625 0.26224132492113567 0.62347109375 0.2856277602523659 0.6623109375
1 0.2632334384858044 0.6148546875 0.33808201892744477 0.60501484375 0.3177160883280757 0.56700078125 0.2398470031545741 0.57601484375 0.2632334384858044 0.6148546875
1 0.24036277602523656 0.5671328124999999 0.3152097791798107 0.55729296875 0.29484384858044166 0.5192789062500001 0.2169763406940063 0.52829375 0.24036277602523656 0.5671328124999999
0 0.46656309148264985 0.80124921875 0.7628091482649842 0.7656734375 0.4354069400630915 0.0053828125 0.11703943217665616 0.043270312500000005 0.46656309148264985 0.80124921875
1 0.2169968454258675 0.51805859375 0.2918454258675079 0.5082187499999999 0.2714794952681388 0.4702046875 0.19361041009463723 0.47921953124999994 0.2169968454258675 0.51805859375
1 0.19323186119873817 0.46829296875 0.26808044164037853 0.458453125 0.24771451104100944 0.4204390625 0.1698454258675079 0.42945312500000005 0.19323186119873817 0.46829296875
1 0.16821766561514195 0.417146875 0.2430646687697161 0.40730703124999995 0.222698738170347 0.36929296875 0.14483123028391165 0.37830703125 0.16821766561514195 0.417146875
1 0.14217823343848582 0.3649515625 0.21702681388012618 0.35511171875 0.19666088328075712 0.31709765624999997 0.11879337539432176 0.32611249999999997 0.14217823343848582 0.3649515625
2 0.599723974763407 0.72835859375 0.8432129337539432 0.69879609375 0.8220283911671925 0.66396875 0.5815851735015773 0.69056328125 0.599723974763407 0.72835859375
2 0.5754195583596214 0.68262890625 0.8189085173501577 0.65306640625 0.797723974763407 0.61823828125 0.5572807570977918 0.6448335937499999 0.5754195583596214 0.68262890625
2 0.5512949526813881 0.6375031250000001 0.7947839116719242 0.607940625 0.7735993690851735 0.5731124999999999 0.5331561514195584 0.5997078124999999 0.5512949526813881 0.6375031250000001
2 0.5407082018927445 0.58781328125 0.7888312302839117 0.5614328125 0.7667381703470032 0.5199007812499999 0.5207003154574132 0.5413234375 0.5407082018927445 0.58781328125
2 0.5170630914826498 0.539234375 0.765186119873817 0.5128539062499999 0.7430946372239748 0.471321875 0.4970567823343849 0.49274453124999995 0.5170630914826498 0.539234375
2 0.4979132492113565 0.48855078125 0.7460362776025237 0.46216953125 0.7239447949526814 0.42063750000000005 0.47790536277602524 0.4420609375 0.4979132492113565 0.48855078125
2 0.4770457413249211 0.43864765625 0.7251703470031545 0.41226640625 0.7030772870662461 0.370734375 0.4570394321766561 0.3921578125 0.4770457413249211 0.43864765625
2 0.4494432176656151 0.38689687500000003 0.6975678233438486 0.36051640625000003 0.67547476340694 0.318984375 0.4294369085173501 0.34040703125 0.4494432176656151 0.38689687500000003
2 0.42903627760252366 0.333671875 0.6771608832807571 0.307290625 0.6550678233438486 0.26575859375 0.40902996845425865 0.28718203125 0.42903627760252366 0.333671875
2 0.3309716088328076 0.75858125 0.579096214511041 0.7322 0.5570031545741325 0.6906679687499999 0.31096529968454256 0.71209140625 0.3309716088328076 0.75858125
2 0.3081561514195584 0.71253125 0.5562791798107255 0.6861507812500001 0.5341876971608833 0.64461875 0.28814826498422713 0.6660421875 0.3081561514195584 0.71253125
2 0.2861719242902208 0.6661453125000001 0.5342965299684543 0.6397640625000001 0.5122034700315458 0.5982328125 0.2661656151419558 0.61965546875 0.2861719242902208 0.6661453125000001
2 0.265384858044164 0.6179234375 0.5135094637223975 0.5915421875 0.49141640378548895 0.55001015625 0.24537854889589905 0.5714335937499999 0.265384858044164 0.6179234375
2 0.24269716088328078 0.57076171875 0.49082176656151416 0.54438125 0.46872870662460564 0.50284921875 0.2226908517350158 0.5242718749999999 0.24269716088328078 0.57076171875
2 0.2183249211356467 0.5224390624999999 0.4664479495268139 0.4960578125 0.44435646687697156 0.45452578125 0.19831861198738168 0.47594921875 0.2183249211356467 0.5224390624999999
2 0.19213564668769714 0.471328125 0.4402586750788644 0.44494765625 0.41816719242902206 0.40341562499999994 0.17212776025236592 0.4248390625 0.19213564668769714 0.471328125
2 0.1657776025236593 0.41801796874999997 0.41390063091482654 0.39163671875 0.39180914826498425 0.35010546875 0.1457697160883281 0.371528125 0.1657776025236593 0.41801796874999997
2 0.13316088328075712 0.3660734375 0.40348107255520504 0.33527968750000003 0.3874558359621451 0.28887578125 0.10690220820189274 0.3184140625 0.13316088328075712 0.3660734375
5 0.37517192429022084 0.28988828125 0.2809731861198738 0.30068046875 0.30055993690851734 0.3457015625 0.39598107255520504 0.33476015625 0.37517192429022084 0.28988828125
5 0.401692429022082 0.347278125 0.307493690851735 0.3580703125 0.3270804416403785 0.4030921875 0.4225015772870662 0.39215 0.401692429022082 0.347278125
5 0.42767350157728706 0.40191328125 0.33347476340694004 0.41270625 0.3530615141955836 0.45772734374999996 0.4484826498422713 0.44678593749999995 0.42767350157728706 0.40191328125
5 0.45196214511041005 0.44939062500000004 0.3577634069400631 0.46018359374999995 0.3773501577287066 0.5052046875 0.47277129337539436 0.49426328125 0.45196214511041005 0.44939062500000004
5 0.4747570977917981 0.49915937499999996 0.3805583596214511 0.5099515625000001 0.40014511041009465 0.5549734374999999 0.49556624605678234 0.54403125 0.4747570977917981 0.49915937499999996
5 0.49743375394321765 0.5474328125000001 0.4032350157728707 0.55822578125 0.4228217665615142 0.603246875 0.5182429022082019 0.59230546875 0.49743375394321765 0.5474328125000001
5 0.5181545741324921 0.5962375 0.42395583596214514 0.60703046875 0.44354258675078867 0.6520515625 0.5389637223974763 0.64111015625 0.5181545741324921 0.5962375
5 0.5448217665615142 0.6435421875 0.4506230283911672 0.6543351562499999 0.4702097791798107 0.69935625 0.5656309148264984 0.6884148437500001 0.5448217665615142 0.6435421875
5 0.5677555205047319 0.6905578125 0.47355678233438486 0.70135078125 0.4931451104100946 0.746371875 0.588564668769716 0.7354296875 0.5677555205047319 0.6905578125
5 0.4980788643533123 0.27711874999999997 0.4038801261829653 0.2879109375 0.42346687697160884 0.3329328125 0.5188880126182965 0.32199062500000003 0.4980788643533123 0.27711874999999997
5 0.5209100946372239 0.32926875 0.426711356466877 0.34006171875 0.44629810725552044 0.3850828125 0.5417192429022082 0.374140625 0.5209100946372239 0.32926875
5 0.5420709779179811 0.38231484375 0.4478722397476341 0.3931078125 0.46745899053627765 0.43812890624999995 0.5628801261829652 0.42718749999999994 0.5420709779179811 0.38231484375
5 0.5673470031545741 0.433321875 0.47314826498422713 0.4441140625 0.49273501577287065 0.48913593750000006 0.5881561514195583 0.47819375 0.5673470031545741 0.433321875
5 0.5905094637223974 0.4827390625 0.49631072555205047 0.49353125000000003 0.515897476340694 0.538553125 0.6113186119873817 0.5276109375 0.5905094637223974 0.4827390625
5 0.6113611987381704 0.53184921875 0.5171624605678233 0.54264140625 0.5367507886435331 0.58766328125 0.6321719242902208 0.57672109375 0.6113611987381704 0.53184921875
5 0.6367034700315458 0.58225390625 0.5425047318611987 0.5930460937500001 0.5620930599369085 0.6380679687499999 0.65751261829653 0.62712578125 0.6367034700315458 0.58225390625
5 0.6549132492113564 0.6296328124999999 0.5607160883280757 0.64042578125 0.5803028391167192 0.685446875 0.675723974763407 0.67450546875 0.6549132492113564 0.6296328124999999
5 0.6777160883280757 0.67744296875 0.5835173501577287 0.6882359375 0.6031041009463722 0.73325703125 0.69852523659306 0.722315625 0.6777160883280757 0.67744296875