1 1 0.361483175 0.9970650158227847 0.3529386296875 0.906353088607595 0.35794260312500004 0.9192593037974685 0.4035963921875 1 0.39788741875 1 0.361483175
1 0.9010371202531646 0.3982977796875 0.8858957246835443 0.3542132171875 0.7951819778481012 0.35921705937500004 0.8080881898734177 0.404870846875 0.9010371202531646 0.3982977796875
1 0.7917179556962025 0.401404753125 0.7765749018987342 0.3573191640625 0.6858629746835443 0.362323140625 0.6987672056962025 0.40797768593750006 0.7917179556962025 0.401404753125
1 0.6725864398734177 0.40346958125 0.6574433924050633 0.3593839921875 0.5667296424050633 0.3643878328125 0.5796356898734177 0.41004251406250003 0.6725864398734177 0.40346958125
1 0.5552075537974683 0.4062702984375 0.5400645 0.362184709375 0.4493525759493671 0.3671886859375 0.46225680379746836 0.4128432328125 0.5552075537974683 0.4062702984375
1 0.43475172784810123 0.4094363625 0.419610496835443 0.3653509078125 0.328896746835443 0.3703547484375 0.3418028006329114 0.4160094296875 0.43475172784810123 0.4094363625
1 0.3088011835443038 0.41201532343749997 0.2936581329113924 0.367929734375 0.20294620886075948 0.3729337109375 0.21585060443037976 0.4185873640625 0.3088011835443038 0.41201532343749997
1 0.18473689556962025 0.41472338906250006 0.16959384493670887 0.3706378 0.078881917721519 0.375641775 0.09178796518987342 0.42129645625 0.18473689556962025 0.41472338906250006
1 1 0.6057462421875 0.96112142721519 0.6078909171875 0.9740258196202533 0.65354456875 0.9938471487341772 0.652142921875 1 0.6186530671875 1 0.6057462421875
1 0.9554338006329114 0.65250890625 0.940290746835443 0.60842331875 0.849577003164557 0.6134271609375 0.8624830506329114 0.6590818406250001 0.9554338006329114 0.65250890625
1 0.8425055727848102 0.6570394484375 0.8273625189873417 0.6129538609375 0.7366505917721519 0.6179578343750001 0.7495548227848101 0.6636123828125 0.8425055727848102 0.6570394484375
1 0.7289087278481012 0.6617941578125001 0.7137655158227848 0.6177094609375 0.6230535854430379 0.6227134359375001 0.6359598006329115 0.668367225 0.7289087278481012 0.6617941578125001
0 1 0.40745415625000003 0.023796379746835444 0.4370830671875 0.01461413924050633 0.487061828125 0.018661981012658226 0.6219688109375 1 0.5850966265624999 1 0.40745415625000003
1 0.6121086803797469 0.6665970328124999 0.5969656297468354 0.62251144375 0.5062536993670886 0.6275154203125 0.519159753164557 0.6731701 0.6121086803797469 0.6665970328124999
1 0.4936557689873418 0.6715071406249999 0.4785127183544303 0.6274215515625 0.38780078797468354 0.6324255265625001 0.4007050189873418 0.678080075 0.4936557689873418 0.6715071406249999
1 0.3718556487341772 0.6768876234375 0.3567124335443038 0.6328029296875 0.26600050632911393 0.6378069046875 0.2789048955696203 0.6834605578125 0.3718556487341772 0.6768876234375
1 0.24750361075949368 0.6826685375 0.2323605601265823 0.63858295 0.1416486329113924 0.6435869249999999 0.15455484493670887 0.6892407109375001 0.24750361075949368 0.6826685375
2 1 0.383717025 0.989383664556962 0.3488653578125 0.9060114493670887 0.3548804 0.9429713164556961 0.49563921093749996 1 0.49324315781249994 1 0.383717025
2 0.9252646044303798 0.497770125 0.8817065854430379 0.3547763640625 0.7983343702531646 0.36079140781249996 0.8352942405063292 0.50155021875 0.9252646044303798 0.497770125
2 0.8083596582278482 0.4952289796875 0.772699667721519 0.350157165625 0.6736093101265823 0.3555349546875 0.697932 0.49857386718749996 0.8083596582278482 0.4952289796875
2 0.6926848955696203 0.5002750890625001 0.6570249050632911 0.355203275 0.5579347088607595 0.3605801703125 0.5822573987341771 0.503619084375 0.6926848955696203 0.5002750890625001
2 0.5725729018987342 0.5024134140625 0.536911085443038 0.35734146718750004 0.43782089240506333 0.3627183625 0.46214523734177215 0.505758303125 0.5725729018987342 0.5024134140625
2 0.4541010601265823 0.505658740625 0.41843940822784814 0.360585896875 0.31934905379746836 0.36596368749999997 0.34367356329113924 0.509002734375 0.4541010601265823 0.505658740625
2 0.33062235443037974 0.5124013796875 0.2949625284810126 0.3673286734375 0.195872167721519 0.3727064640625 0.22019486075949365 0.5157453750000001 0.33062235443037974 0.5124013796875
2 0.2044567405063291 0.5148150796875 0.16879508860759493 0.3697422390625 0.06970473101265823 0.375120028125 0.09402924050632912 0.518159075 0.2044567405063291 0.5148150796875
2 1 0.5054303265625 0.9400675031645569 0.5086824203125 0.9643918512658227 0.6517223640625 0.9940896930379747 0.6508227546875001 1 0.6186530718750001 1 0.5054303265625
2 0.9644265221518987 0.6528594984375 0.9287648734177216 0.5077866578125 0.829676332278481 0.5131645812500001 0.8539990253164558 0.6562034953125 0.9644265221518987 0.6528594984375
2 0.8498812436708861 0.6563481296875 0.8142195917721519 0.5112752890625 0.7151292341772152 0.5166530796875 0.7394537436708861 0.6596921250000001 0.8498812436708861 0.6563481296875
2 0.7376088955696202 0.6610954484375 0.7019490664556962 0.516022740625 0.6028587088607595 0.5214005312500001 0.6271813987341772 0.66443944375 0.7376088955696202 0.6610954484375
2 0.622455661392405 0.6665974390625 0.5867938481012658 0.521525490625 0.48770365189873416 0.5269023859375 0.5120281645569621 0.669941434375 0.622455661392405 0.6665974390625
2 0.5006151930379746 0.6726495390625 0.4649551962025316 0.5275777265625 0.36586500632911395 0.5329546203125 0.39018935126582277 0.6759945625 0.5006151930379746 0.6726495390625
2 0.373631832278481 0.6784193671875001 0.3379700158227848 0.53334741875 0.2388816424050633 0.5387244484375 0.26320417088607595 0.6817642578124999 0.373631832278481 0.6784193671875001
2 0.24917979746835442 0.68796880625 0.20554444620253165 0.5295660359375 0.09573150949367089 0.5306698812499999 0.1353760474683544 0.6946532546874999 0.24917979746835442 0.68796880625
5 0.09681287341772152 0.5378015671874999 0.11216175632911392 0.59301089375 0.21912263924050635 0.589652184375 0.2035531993670886 0.5337248421874999 0.09681287341772152 0.5378015671874999
5 0.23332093670886075 0.53264068125 0.2486698259493671 0.5878500078125 0.3556325221518987 0.58449143125 0.3400612689873418 0.5285639546875001 0.23332093670886075 0.53264068125
5 0.3633530094936709 0.5273120312499999 0.3787037151898734 0.5825214921875 0.4856645949367088 0.57916278125 0.47009515822784814 0.5232354375 0.3633530094936709 0.5273120312499999
5 0.4765275253164557 0.52171215 0.49187823101265826 0.5769216125 0.5988391107594937 0.5735629015625 0.5832696740506329 0.5176355578125 0.4765275253164557 0.52171215
5 0.5948867753164556 0.517352015625 0.6102356613924051 0.5725613421875 0.7171983670886076 0.5692027656249999 0.7016271044303798 0.5132752875000001 0.5948867753164556 0.517352015625
5 0.7097488575949368 0.5128019609375001 0.7250995664556962 0.5680114234375 0.8320604462025317 0.5646527125 0.8164910094936709 0.5087253703125 0.7097488575949368 0.5128019609375001
5 0.825645503164557 0.5094509921875 0.8409962088607594 0.5646604515625 0.9479570917721519 0.5613017421875 0.9323876518987342 0.5053744 0.825645503164557 0.5094509921875
5 1 0.5001317734375 0.9386651550632911 0.5024742140625 0.9540158607594937 0.557683675 1 0.5562397140625001 1 0.5001317734375
5 0.07984318037974683 0.46599190625000003 0.09519206962025317 0.5212012328125 0.20215477215189873 0.51784265625 0.18658351265822784 0.4619151796875 0.07984318037974683 0.46599190625000003
5 0.20375576265822784 0.4620203625 0.2191064746835443 0.517229821875 0.3260673512658228 0.5138711125000001 0.3104960949367089 0.45794363593750004 0.20375576265822784 0.4620203625
5 0.3295828924050633 0.4591488828125 0.3449336012658228 0.5143583453125 0.4518944810126582 0.510999634375 0.4363250443037975 0.4550722921875 0.3295828924050633 0.4591488828125
5 0.45108617088607594 0.45359620312500004 0.4664350601265823 0.5088055296875 0.5733977594936709 0.505446953125 0.557826503164557 0.4495194765625 0.45108617088607594 0.45359620312500004
5 0.568664341772152 0.448967503125 0.5840132278481013 0.5041768296875 0.6909759303797469 0.5008182531250001 0.6754046708860759 0.444890775 0.568664341772152 0.448967503125
5 0.6852865063291139 0.44559486562500006 0.7006353955696203 0.5008041921874999 0.8075982658227848 0.497444721875 0.792027003164557 0.441517246875 0.6852865063291139 0.44559486562500006
5 0.805392908227848 0.43990116874999996 0.8207417943037975 0.49511049687500003 0.9277046582278481 0.4917510265625 0.9121332373417722 0.43582444374999996 0.805392908227848 0.43990116874999996
5 1 0.43458390468749997 0.9177054335443038 0.4377275015625 0.9330563037974684 0.4929360703125 1 0.49083395156250004 1 0.43458390468749997