6 0.6519484037854889 0.8076180000000001 0.5377221388012619 0.9852363125 0.8836994511041009 0.977974378125 0.6519484037854889 0.8076180000000001
1 0.8280933186119874 0.7544503921875 0.9080927949526814 0.7531233328125 0.8943363375394322 0.712028596875 0.8113490315457415 0.7121641640624999 0.8280933186119874 0.7544503921875
1 0.8164058675078865 0.703240775 0.8964069842271294 0.7019138984375 0.8826505331230284 0.6608191625 0.7996632271293376 0.6609547296875 0.8164058675078865 0.703240775
1 0.8084487539432177 0.6534761265625 0.8884480757097791 0.6521498609374999 0.8746917728706625 0.61105433125 0.7917044731861198 0.611189896875 0.8084487539432177 0.6534761265625
1 0.7972264069400631 0.6043119609375001 0.87722752681388 0.60298508125 0.863471072555205 0.5618903468750001 0.7804822807570978 0.5620249328125 0.7972264069400631 0.6043119609375001
1 0.787416952681388 0.5508976015625 0.8674180694006308 0.5495707249999999 0.8536617665615142 0.5084751953125 0.7706728201892744 0.5086105765625 0.787416952681388 0.5508976015625
1 0.7763479621451104 0.4981746734375 0.8563490820189273 0.4968477953125 0.8425926246056782 0.4557530609375 0.7596038296529968 0.45588764687500005 0.7763479621451104 0.4981746734375
1 0.7644539873817036 0.44403371875 0.844454949526814 0.44270763593750007 0.8306986498422714 0.40161210625 0.7477097003154575 0.4017474890625 0.7644539873817036 0.44403371875
1 0.7533576466876971 0.38751317812499997 0.8333587634069402 0.3861863 0.819602309148265 0.345091565625 0.7366151608832807 0.3452263375 0.7533576466876971 0.38751317812499997
1 0.7421202050473186 0.3318184375 0.8221213186119873 0.3304915578125 0.8083648675078865 0.2893968234375 0.7253759179810726 0.28953220625 0.7421202050473186 0.3318184375
1 0.3771580820189274 0.7439013484375 0.45715920189274445 0.742574471875 0.4434027476340694 0.7014797359375 0.36041379810725555 0.70161511875 0.3771580820189274 0.7439013484375
1 0.3612593501577287 0.6968919328125 0.44125882334384864 0.695564871875 0.4275023690851735 0.6544701374999999 0.3445152239747634 0.6546049078125 0.3612593501577287 0.6968919328125
1 0.3454720851735016 0.6464361671875001 0.42547320504731867 0.645109290625 0.41171690220820195 0.604013759375 0.32872795583596215 0.6041491406249999 0.3454720851735016 0.6464361671875001
1 0.3314591135646688 0.595486175 0.4114602334384858 0.5941592984375 0.3977037760252366 0.5530645625 0.31471498107255524 0.55319915 0.3314591135646688 0.595486175
1 0.31700163406940063 0.5442102156249999 0.3970011104100946 0.5428831578125 0.38324465299684546 0.501788421875 0.3002573470031546 0.5019239859375 0.31700163406940063 0.5442102156249999
0 0.5883166372239748 0.015109659375 0.2945368044164038 0.007564550000000001 0.5068251829652997 0.809009853125 0.8228012365930599 0.8071911625 0.6371539842271293 0.0205510703125 0.5883166372239748 0.015109659375
1 0.30229386750788645 0.491498959375 0.3822949842271294 0.49017208125 0.3685385268138801 0.44907734687499995 0.2855495835962145 0.449212728125 0.30229386750788645 0.491498959375
1 0.28730602523659304 0.4380369359375 0.36730714826498423 0.436710059375 0.3535506876971609 0.39561532499999996 0.27056189905362776 0.3957499109375 0.28730602523659304 0.4380369359375
1 0.2712871072555205 0.38302335 0.3512865835962145 0.3816962890625 0.3375301261829653 0.3406015546875 0.2545429810725552 0.3407363234375 0.2712871072555205 0.38302335
1 0.2544054826498423 0.3268216984375 0.33440660567823344 0.32549481875 0.32065014511041007 0.284400084375 0.23766284858044165 0.28453565 0.2544054826498423 0.3268216984375
2 0.6600571388012618 0.750224059375 0.9198259085173501 0.748400953125 0.9045882649842272 0.7104576671875 0.6485804132492113 0.7096109890625 0.6600571388012618 0.750224059375
2 0.6437120851735016 0.7008111 0.9034808611987382 0.6989879906249999 0.8882433690851735 0.6610439109375 0.6322353627760252 0.6601980281250001 0.6437120851735016 0.7008111
2 0.6274356750788643 0.6520342828125 0.8872044479495268 0.6502111765625 0.8719669558359622 0.6122670953125 0.6159589495268138 0.6114212125 0.6274356750788643 0.6520342828125
2 0.6261772429022082 0.6001808453125 0.8901526561514195 0.6021380421875 0.8752875110410094 0.55725855625 0.6144629463722397 0.5504927281249999 0.6261772429022082 0.6001808453125
2 0.6110807823343848 0.5479417625 0.8750561987381703 0.549898959375 0.8601926971608833 0.50501965625 0.5993681324921135 0.4982538296875 0.6110807823343848 0.5479417625
2 0.601087069400631 0.4940808296875 0.8650626403785489 0.49603723125 0.8501991356466877 0.4511579296875 0.5893727760252365 0.4443927140625 0.601087069400631 0.4940808296875
2 0.5891482460567824 0.4408154265625 0.8531254637223974 0.44277201093749996 0.8382603123028392 0.397892525 0.5774355962145111 0.39112749375 0.5891482460567824 0.4408154265625
2 0.5705488643533123 0.384885015625 0.8345259274447949 0.38684239531250003 0.8196607791798107 0.34196291093750003 0.5588362208201892 0.3351970828125 0.5705488643533123 0.384885015625
2 0.5597444164037855 0.328288859375 0.8237216309148265 0.3302454453125 0.8088564826498423 0.285365959375 0.54803176340694 0.2786009265625 0.5597444164037855 0.328288859375
2 0.3738097570977918 0.7497839859375001 0.637786974763407 0.7517405703125 0.6229218233438486 0.7068610859375 0.3620971072555205 0.7000960515625 0.3738097570977918 0.7497839859375001
2 0.35908068769716084 0.7002177203125 0.6230561072555204 0.7021749171875 0.6081926025236593 0.6572956140625 0.3473662429022082 0.6505304 0.35908068769716084 0.7002177203125
2 0.34528470031545744 0.6504058015624999 0.6092619148264985 0.6523623859375001 0.5943966119873817 0.6074836953125 0.3335720504731861 0.60071786875 0.34528470031545744 0.6504058015624999
2 0.33309876340694006 0.5988625734374999 0.5970759810725552 0.6008191593750001 0.5822108296529969 0.5559396734375001 0.32138611356466873 0.549174640625 0.33309876340694006 0.5988625734374999
2 0.31872182649842273 0.5481785546875 0.5826988864353312 0.5501359359375 0.567833738170347 0.5052564484375 0.30700917665615146 0.498490621875 0.31872182649842273 0.5481785546875
2 0.3028165520504732 0.4961160390625 0.5667921198738171 0.498072440625 0.5519286214511041 0.4531931359375 0.29110389905362777 0.44642810624999996 0.3028165520504732 0.4961160390625
2 0.28556515457413245 0.44100171875000005 0.5495405678233439 0.4429589140625 0.5346770630914827 0.3980796125 0.2738507066246057 0.3913143984375 0.28556515457413245 0.44100171875000005
2 0.26857072555205047 0.38362725625 0.5325462965299684 0.385583659375 0.5176826372239748 0.34070515156250003 0.25685643217665616 0.3339391421875 0.26857072555205047 0.38362725625
2 0.2447799022082019 0.32691678281250003 0.5327748958990537 0.326957225 0.5251974132492114 0.2778194671875 0.22677656466876972 0.27531079062499997 0.2447799022082019 0.32691678281250003
5 0.5121864826498422 0.2774235296875 0.41181648580441643 0.27747204999999997 0.4233807255520505 0.3256148890625 0.5250550063091483 0.32555639687500004 0.5121864826498422 0.2774235296875
5 0.5285471293375394 0.33897318906249996 0.42817713249211353 0.339021709375 0.43974121766561514 0.3871653453125 0.5414156498422713 0.3871060546875 0.5285471293375394 0.33897318906249996
5 0.5448875205047319 0.39765373125000003 0.4445173690851735 0.39770304843750004 0.4560816151419559 0.4458458875 0.5577558927444795 0.44578739531249995 0.5448875205047319 0.39765373125000003
5 0.5608720347003154 0.44884534374999996 0.46050188958990534 0.44889466093749997 0.4720661261829653 0.49703749999999997 0.5737404069400631 0.49697900625 0.5608720347003154 0.44884534374999996
5 0.5748475552050473 0.5021978265625 0.4744775646687697 0.5022463484374999 0.4860416466876971 0.5503899828125001 0.5877160820189274 0.5503306953125 0.5748475552050473 0.5021978265625
5 0.5889941009463723 0.5540131640625 0.488623952681388 0.5540624828125 0.500188192429022 0.6022053203125 0.6018624700315457 0.602146828125 0.5889941009463723 0.5540131640625
5 0.6009962018927445 0.606142453125 0.5006260504731861 0.6061917703125 0.5121902902208202 0.654334609375 0.6138645709779179 0.654276115625 0.6009962018927445 0.606142453125
5 0.6194954321766561 0.6574345640625 0.5191252839116719 0.65748388125 0.530689523659306 0.7056267203125001 0.6323638075709779 0.705568228125 0.6194954321766561 0.6574345640625
5 0.6341577602523659 0.7079983390625 0.5337876119873818 0.70804765625 0.545353498422713 0.7561906781250001 0.6470262870662461 0.75613120625 0.6341577602523659 0.7079983390625
5 0.642887189274448 0.278696565625 0.5425171955835962 0.27874508750000004 0.5540812807570978 0.326888721875 0.6557557129337539 0.326829434375 0.642887189274448 0.278696565625
5 0.6564317192429022 0.3344792453125 0.5560615678233438 0.3345285609375 0.5676258138801262 0.3826714015625 0.6693002429022081 0.38261211093749997 0.6564317192429022 0.3344792453125
5 0.6680577223974763 0.3909807453125 0.5676875741324922 0.3910300625 0.5792518138801263 0.4391729015625 0.6809260977917981 0.43911440781250005 0.6680577223974763 0.3909807453125
5 0.6843770977917981 0.445883084375 0.5840071041009464 0.44593160468750004 0.595571189274448 0.49407523906249995 0.6972456246056782 0.4940159515625 0.6843770977917981 0.445883084375
5 0.6988051324921136 0.4989201078125 0.5984351388012618 0.4989686296875 0.6099992208201893 0.5471122640625 0.7116736561514195 0.5470529749999999 0.6988051324921136 0.4989201078125
5 0.7108836277602524 0.5513758156249999 0.6105136340694006 0.5514243359375001 0.6220793627760253 0.5995681546875 0.7237537949526814 0.5995088671875 0.7108836277602524 0.5513758156249999
5 0.727390687697161 0.60567219375 0.6270206940063091 0.605720715625 0.6385864195583596 0.653864534375 0.7402592113564669 0.6538050625 0.727390687697161 0.60567219375
5 0.7370545899053628 0.656057121875 0.6366860851735016 0.6561066234374999 0.6482503249211357 0.7042494625 0.7499246056782335 0.7041909703125 0.7370545899053628 0.656057121875
5 0.751423952681388 0.707415140625 0.6510538044164037 0.7074644578125 0.6626180410094636 0.755607296875 0.7642923217665615 0.7555488046875001 0.751423952681388 0.707415140625