6 0.5372145110410095 0.15001796875 0.7488170347003155 0.0038757812500000003 0.41009463722397477 0 0.5372145110410095 0.15001796875
0 0.35646687697160884 0.140625 0.05184069400630915 0.972771875 0.4606545741324921 0.99827890625 0.7209558359621451 0.1602234375 0.35646687697160884 0.140625
2 0.5121876971608832 0.2028015625 0.23974763406940064 0.1796875 0.20699369085173502 0.23387421874999997 0.48635962145110406 0.25972265625 0.5121876971608832 0.2028015625
1 0.277602523659306 0.209375 0.10410094637223975 0.046875
1 0.2555205047318612 0.2625 0.10725552050473186 0.0421875
1 0.24290220820189273 0.3140625 0.11041009463722397 0.0421875
1 0.22712933753943218 0.365625 0.10410094637223975 0.0421875
1 0.20189274447949526 0.4140625 0.10410094637223975 0.046875
1 0.1829652996845426 0.4703125 0.09779179810725552 0.0453125
1 0.1608832807570978 0.5234375 0.10410094637223975 0.046875
1 0.14195583596214512 0.5796875 0.10094637223974763 0.0484375
1 0.12302839116719243 0.6375 0.10094637223974763 0.0515625
1 0.7350157728706624 0.2546875 0.11987381703470032 0.04375
1 0.7255520504731862 0.30625 0.09779179810725552 0.046875
1 0.7066246056782335 0.3546875 0.11041009463722397 0.04375
1 0.6971608832807571 0.40625 0.12302839116719243 0.0515625
1 0.6782334384858044 0.4609375 0.10725552050473186 0.0453125
1 0.6561514195583596 0.5140625 0.10725552050473186 0.05
1 0.6529968454258676 0.56875 0.13564668769716087 0.0453125
1 0.6182965299684543 0.68125 0.11356466876971609 0.05
1 0.6309148264984227 0.6234375 0.11356466876971609 0.0484375
2 0.489205047318612 0.2513671875 0.2167665615141956 0.228253125 0.18401261829652998 0.28243984375000003 0.46337697160883284 0.30828828124999996 0.489205047318612 0.2513671875
2 0.48162776025236587 0.30529140625 0.20918769716088328 0.282178125 0.17643375394321767 0.33636484375000003 0.45579968454258674 0.36221328124999996 0.48162776025236587 0.30529140625
2 0.4480725552050473 0.358325 0.17563406940063092 0.3352109375 0.1428801261829653 0.3893984375 0.4222444794952681 0.41524687499999996 0.4480725552050473 0.358325
2 0.43639116719242904 0.40901484374999997 0.16395110410094635 0.38590078125 0.13119873817034702 0.44008828125 0.41056309148264986 0.4659359375 0.43639116719242904 0.40901484374999997
2 0.4189542586750789 0.46632656250000004 0.14651577287066248 0.44321328125 0.11376182965299685 0.4974 0.39312618296529966 0.5232484375 0.4189542586750789 0.46632656250000004
2 0.39709463722397476 0.5216367187500001 0.12465457413249212 0.49852265625000003 0.09190220820189274 0.5527101562500001 0.3712665615141956 0.57855859375 0.39709463722397476 0.5216367187500001
2 0.382 0.57528046875 0.10955993690851734 0.55216640625 0.07680599369085174 0.6063539062500001 0.3561719242902208 0.6322023437500001 0.382 0.57528046875
2 0.36398422712933753 0.63368515625 0.0915441640378549 0.61057109375 0.05879022082018928 0.66475859375 0.33815615141955835 0.69060703125 0.36398422712933753 0.63368515625
2 0.8037271293375394 0.2331484375 0.5078864353312302 0.2046875 0.48093690851735016 0.25655546875 0.7761356466876972 0.28696328125 0.8037271293375394 0.2331484375
2 0.7937208201892745 0.28084140625 0.4978801261829653 0.25238046875000003 0.47093059936908516 0.30424843749999997 0.7661309148264984 0.33465546874999996 0.7937208201892745 0.28084140625
2 0.7695678233438485 0.32995 0.47372870662460564 0.3014890625 0.4467791798107255 0.35335703125 0.7419779179810725 0.38376484375 0.7695678233438485 0.32995
2 0.7574921135646687 0.38676796874999997 0.4616529968454258 0.35830703124999996 0.4347034700315457 0.41017421875000004 0.7299022082018927 0.44058203125000006 0.7574921135646687 0.38676796874999997
2 0.7357302839116718 0.43562031250000005 0.43989116719242904 0.407159375 0.4129416403785489 0.45902734375 0.7081403785488959 0.48943515625 0.7357302839116718 0.43562031250000005
2 0.7267965299684542 0.49440937500000004 0.43095741324921133 0.4659484375 0.40400788643533125 0.5178164062499999 0.6992066246056783 0.5482242187499999 0.7267965299684542 0.49440937500000004
2 0.7148927444794952 0.547259375 0.4190536277602524 0.51879921875 0.3921041009463722 0.57066640625 0.6873028391167192 0.60107421875 0.7148927444794952 0.547259375
2 0.695102523659306 0.6003476562500001 0.3992634069400631 0.5718875 0.37231388012618294 0.6237546875 0.66751261829653 0.6541625 0.695102523659306 0.6003476562500001
2 0.669077287066246 0.66235390625 0.3732381703470032 0.63389296875 0.346288643533123 0.68576015625 0.64148738170347 0.71616796875 0.669077287066246 0.66235390625
5 0.4970946372239748 0.210759375 0.3924116719242902 0.20053671875 0.3719242902208202 0.24470234375 0.4809511041009464 0.25471953125 0.4970946372239748 0.210759375
5 0.4853864353312303 0.2591734375 0.3807018927444795 0.24895078124999998 0.3602160883280757 0.29311640625 0.4692429022082019 0.303134375 0.4853864353312303 0.2591734375
5 0.4643895899053628 0.31055234375 0.35970504731861197 0.3003296875 0.33921766561514194 0.3444953125 0.44824447949526813 0.35451328125 0.4643895899053628 0.31055234375
5 0.44526025236593064 0.366284375 0.34057570977917984 0.35606171875000003 0.3200883280757098 0.40022734375 0.42911671924290223 0.4102453125 0.44526025236593064 0.366284375
5 0.43070977917981074 0.4187578125 0.32602681388012617 0.40853515625 0.30553943217665613 0.45270078125 0.41456624605678233 0.46271874999999996 0.43070977917981074 0.4187578125
5 0.4135173501577287 0.47341718750000006 0.3088328075709779 0.46319453125 0.2883470031545742 0.5073601562500001 0.3973738170347003 0.517378125 0.4135173501577287 0.47341718750000006
5 0.39585015772870663 0.5291859375 0.2911656151419558 0.51896328125 0.27067981072555203 0.56312890625 0.3797066246056782 0.5731468750000001 0.39585015772870663 0.5291859375
5 0.3769116719242902 0.58492578125 0.27222712933753945 0.574703125 0.2517397476340694 0.6188687500000001 0.36076813880126185 0.62888671875 0.3769116719242902 0.58492578125
5 0.35781703470031545 0.64218984375 0.2531340694006309 0.6319671875 0.23264668769716088 0.6761328125 0.3416735015772871 0.6861507812500001 0.35781703470031545 0.64218984375
5 0.6204558359621452 0.21726562500000002 0.5157712933753944 0.20704296875 0.49528548895899055 0.25120859375000004 0.6043123028391167 0.2612265625 0.6204558359621452 0.21726562500000002
5 0.6033864353312304 0.26772968750000004 0.4987018927444795 0.25750703124999996 0.4782145110410094 0.301671875 0.5872413249211356 0.31168984375000003 0.6033864353312304 0.26772968750000004
5 0.5884526813880127 0.3187171875 0.48376813880126185 0.30849453125 0.46328233438485805 0.35266015624999997 0.5723091482649842 0.362678125 0.5884526813880127 0.3187171875
5 0.5710977917981073 0.37228671874999997 0.4664132492113565 0.3620640625 0.4459274447949527 0.40622968750000005 0.5549542586750789 0.416246875 0.5710977917981073 0.37228671874999997
5 0.5576940063091482 0.42554609374999997 0.45300946372239753 0.4153234375 0.43252365930599374 0.4594890625 0.5415504731861199 0.46950703125000004 0.5576940063091482 0.42554609374999997
5 0.5394621451104101 0.47771093750000004 0.4347776025236593 0.46748828124999997 0.4142917981072555 0.511653125 0.5233186119873817 0.52167109375 0.5394621451104101 0.47771093750000004
5 0.5257981072555205 0.5334640625 0.4211135646687697 0.52324140625 0.4006277602523659 0.5674070312499999 0.509654574132492 0.5774250000000001 0.5257981072555205 0.5334640625
5 0.5102996845425867 0.5906671875 0.4056167192429022 0.5804445312500001 0.3851293375394322 0.6246101562499999 0.4941561514195584 0.634628125 0.5102996845425867 0.5906671875
5 0.490776025236593 0.6542414062499999 0.3860914826498423 0.6440187500000001 0.3656056782334385 0.688184375 0.4746324921135646 0.69820234375 0.490776025236593 0.6542414062499999