6 0.31818805696202535 0 0.47582437025316454 0.13263194522691704 0.6184879493670886 0 0.31818805696202535 0
0 0.18543634810126583 0.9943046165884194 0.5829460506329114 0.9797433161189358 0.6095289746835443 0.9773841893583725 0.6663786424050633 0.1263072957746479 0.2885351424050633 0.13950965414710487 0.18543634810126583 0.9943046165884194
2 0.46331193987341773 0.18849547730829422 0.17878945253164558 0.18976917370892019 0.1587180411392405 0.2477590125195618 0.4510062436708861 0.24863254460093895 0.46331193987341773 0.18849547730829422
1 0.22508204406938584 0.21657103112502174 0.1186826066572902 0.05749724685561935
1 0.21725269573370842 0.2724743522865588 0.12175339896858878 0.05448327827044567
1 0.2140998593530239 0.3258563728047296 0.12491795593061418 0.05459920013910628
1 0.21092358180965778 0.3784559207094418 0.11849507735583689 0.051237465947951116
1 0.19825363338021568 0.43140323422013555 0.1186826066572902 0.05749724685561917
1 0.1920534458509142 0.48881353967425956 0.1090951711204876 0.05401959079580356
1 0.1842709798406001 0.5462818060627137 0.1186826066572902 0.05749724685561935
1 0.17807079231129866 0.6036921115168377 0.11556493202062817 0.05894627021387597
1 0.17354664791373653 0.6641743464904654 0.11565869667135494 0.06207616066771008
1 0.705168776371308 0.22091810119979138 0.13445850914205343 0.05651191097200483
1 0.7083450539146742 0.27406827798064104 0.11235349273323958 0.057265403118298294
1 0.7019573370839194 0.3252188025270968 0.12496483825597747 0.05616414536602334
1 0.7019456165025785 0.37770242856314845 0.13785747773089543 0.06445255897525073
1 0.6988865447726207 0.43421433953515326 0.12180028129395215 0.05604822349736272
1 0.691080637599625 0.49090013331014903 0.1219409282700421 0.0607430591781139
1 0.697515236755743 0.5470642786761722 0.15032817627754338 0.0586564655422246
1 0.6915611814345991 0.6655654089143918 0.12831692451945612 0.06253984814235201
1 0.689732770745429 0.6045325450646265 0.12827004219409274 0.06097490291543495
2 0.4518446803797468 0.2398909014084507 0.16732380379746836 0.2411644538341158 0.1472523924050633 0.29915429420970263 0.43953898417721515 0.30002796870109544 0.4518446803797468 0.2398909014084507
2 0.457471329113924 0.2953278497652582 0.17294903164556963 0.29660233802816904 0.15287762025316456 0.3545921784037559 0.4451658259493671 0.35546570892018775 0.457471329113924 0.2953278497652582
2 0.4362938607594937 0.352219696400626 0.15177298101265824 0.3534932488262911 0.13170176898734176 0.4114838810641627 0.42398835443037974 0.4123575555555556 0.4362938607594937 0.352219696400626
2 0.4369182373417721 0.4047455148669797 0.15239574367088607 0.40601921126760565 0.1323261424050633 0.4640097010954617 0.42461253481012656 0.46488258215962447 0.4369182373417721 0.4047455148669797
2 0.4332961234177215 0.46451714866979654 0.14877543670886076 0.4657914945226917 0.12870402848101267 0.5237813364632238 0.42099061708860763 0.5246550093896714 0.4332961234177215 0.46451714866979654
2 0.42465159810126585 0.522658255086072 0.14012911075949366 0.5239319530516432 0.12005950632911391 0.5819224428794992 0.4123460981012658 0.5827961158059468 0.42465159810126585 0.522658255086072
2 0.42251617405063285 0.5784931220657277 0.1379936835443038 0.5797668169014085 0.11792246835443038 0.6377574507042254 0.410210670886076 0.6386309827856025 0.42251617405063285 0.5784931220657277
2 0.418572914556962 0.6394270078247262 0.13405042405063292 0.6407007042253522 0.11397920569620253 0.6986913364632238 0.4062674113924051 0.699564868544601 0.418572914556962 0.6394270078247262
2 0.7691734715189874 0.19283071987480438 0.45937843987341775 0.19080086697965573 0.44467131329113924 0.24590938028169015 0.7542925158227848 0.24997417683881062 0.7691734715189874 0.19283071987480438
2 0.7707683227848101 0.2421617167449139 0.46097329430379747 0.2401318654147105 0.4462661582278481 0.2952403771517997 0.7558887911392406 0.29930423630672925 0.7707683227848101 0.2421617167449139
2 0.7582381740506329 0.2942146932707355 0.44844475949367085 0.2921846995305164 0.4337376265822785 0.3472932128325509 0.7433588354430379 0.3513580093896713 0.7582381740506329 0.2942146932707355
2 0.7599796424050633 0.3529981596244131 0.4501862246835443 0.3509681643192488 0.43547890189873417 0.40607588419405316 0.7451001075949367 0.41014068075117377 0.7599796424050633 0.3529981596244131
2 0.7498327848101266 0.4045738200312989 0.44003937025316453 0.4025438247261346 0.42533223734177217 0.4576523364632238 0.7349534462025317 0.4617171361502347 0.7498327848101266 0.4045738200312989
2 0.7552785031645569 0.46507318935837244 0.44548508860759495 0.4630431940532081 0.43077795569620253 0.5181517089201878 0.7403991613924051 0.5222165039123631 0.7552785031645569 0.46507318935837244
2 0.7562113069620253 0.5198123943661972 0.446418085443038 0.5177831924882629 0.4317107626582279 0.5728909123630673 0.7413319683544304 0.5769557089201878 0.7562113069620253 0.5198123943661972
2 0.7491330759493671 0.5755097214397497 0.4393398544303797 0.5734805195618153 0.4246325284810126 0.6285882378716745 0.7342537341772152 0.632653034428795 0.7491330759493671 0.5755097214397497
2 0.7378874303797468 0.6408276118935837 0.42809401265822783 0.6387976150234741 0.41338668670886075 0.6939053348982785 0.7230078924050632 0.697970131455399 0.7378874303797468 0.6408276118935837
5 0.4498418702531646 0.1979456338028169 0.3401835126582278 0.1970732738654147 0.3301778607594937 0.24377480751173708 0.4442302753164557 0.24404407824726135 0.4498418702531646 0.1979456338028169
5 0.4498741075949367 0.24816330672926448 0.34021413607594936 0.2472910876369327 0.33021009810126584 0.29399248043818466 0.44426270886075947 0.2942625430359937 0.4498741075949367 0.24816330672926448
5 0.44113698417721514 0.30223469327073554 0.3314770126582278 0.30136247730829424 0.32147135759493667 0.3480640109546166 0.4355239715189873 0.3483340751173709 0.44113698417721514 0.30223469327073554
5 0.43539103481012653 0.3605561815336463 0.3257310664556962 0.35968396244131456 0.3157254082278481 0.4063854976525822 0.4297796360759493 0.40665541784037557 0.43539103481012653 0.3605561815336463
5 0.43352205696202534 0.4151534194053208 0.3238637025316456 0.41428105790297337 0.3138580443037975 0.46098259467918623 0.4279106582278481 0.4612526557120501 0.43352205696202534 0.4151534194053208
5 0.42949197784810134 0.47220994992175275 0.31983200949367085 0.4713377292644757 0.30982796518987343 0.518039123630673 0.423880579113924 0.518309186228482 0.42949197784810134 0.47220994992175275
5 0.42525135126582275 0.5304359327073552 0.31559137974683543 0.5295637136150234 0.3055873417721519 0.5762651079812207 0.41963995253164554 0.5765351690140845 0.42525135126582275 0.5304359327073552
5 0.4197026424050633 0.5887480187793428 0.310042667721519 0.5878758012519563 0.3000370158227848 0.6345773364632238 0.41409124367088607 0.6348472582159624 0.4197026424050633 0.5887480187793428
5 0.41437235443037973 0.6486218122065728 0.30471399683544304 0.6477494522691706 0.29470833860759493 0.6944509874804382 0.4087609556962025 0.6947210516431925 0.41437235443037973 0.6486218122065728
5 0.5776914367088607 0.19334852112676057 0.4680314683544304 0.19247630516431924 0.4580274272151899 0.23917769796557123 0.5720800411392405 0.23944775899843504 0.5776914367088607 0.19334852112676057
5 0.57274625 0.2461344131455399 0.4630862816455696 0.24526219561815338 0.4530804303797468 0.29196293427230047 0.5671330443037975 0.292233 0.57274625 0.2461344131455399
5 0.5701163512658228 0.29925779968701094 0.4604563797468355 0.2983855821596244 0.450452335443038 0.3450869718309859 0.5645049525316456 0.3453570375586854 0.5701163512658228 0.29925779968701094
5 0.5656495949367089 0.35522257276995306 0.4559896297468355 0.35435035524256653 0.44598558544303796 0.40105174491392803 0.5600380094936709 0.40132101721439745 0.5656495949367089 0.35522257276995306
5 0.5651490411392405 0.4105136338028169 0.45548906645569626 0.40964141471048515 0.4454850284810127 0.45634280751173706 0.5595376424050633 0.45661287010954615 0.5651490411392405 0.4105136338028169
5 0.559436335443038 0.4651318779342723 0.44977636708860763 0.46425966040688577 0.43977212974683544 0.5109602597809076 0.5538247436708861 0.511230323943662 0.559436335443038 0.4651318779342723
5 0.559288246835443 0.5229784569640064 0.4496282753164557 0.5221062410015649 0.4396242341772152 0.5688076338028168 0.5536768481012658 0.569077696400626 0.559288246835443 0.5229784569640064
5 0.557622832278481 0.5824637981220657 0.4479644746835443 0.5815914381846635 0.4379588164556962 0.6282929733959312 0.5520114335443037 0.6285630375586855 0.557622832278481 0.5824637981220657
5 0.5534192943037974 0.6487832050078247 0.4437593227848101 0.6479109874804382 0.4337552816455696 0.6946123787167449 0.5478078955696203 0.6948824428794992 0.5534192943037974 0.6487832050078247