0 0 0.66011013125 0.017111303797468353 0.720686446875 0.95863007278481 0.5478554203125 0.9641143006329114 0.4747438265625 0.9312991329113924 0.358573725 0 0.51605624375 0 0.66011013125
1 0.9377051101734645 0.573755787037037 0.042311298640412776 0.057951388888889
1 0.871601031411158 0.5903993055555555 0.10900140646976093 0.06131944444444439
1 0.7706868260665729 0.6071701388888888 0.10560243788091893 0.05818287037037031
1 0.6725855602437881 0.6286168981481481 0.11521331458040314 0.05978009259259274
1 0.563525550867323 0.6485416666666667 0.1118143459915613 0.056643518518518475
1 0.4559892170651665 0.669241898148148 0.11837787154242845 0.059791666666666646
1 0.3485700890764182 0.6883796296296296 0.11826066572902019 0.058229166666666644
1 0.23493905297702763 0.7059780092592592 0.12470698546647908 0.05981481481481481
1 0.8999648382559776 0.3388020833333333 0.0743084857008909 0.06275462962962966
1 0.8198546647913737 0.3523726851851852 0.11509610876699469 0.05821759259259256
1 0.7219878105954055 0.3706944444444445 0.11228316924519452 0.06289351851851847
1 0.6197257383966244 0.3843460648148148 0.13173933427097997 0.06921296296296298
1 0.5155883731833099 0.4019097222222222 0.11544772620721983 0.06290509259259255
1 0.40963431786216603 0.4226041666666666 0.12494139709329596 0.06293981481481481
1 0.2995194561650258 0.43550347222222224 0.11943272386310368 0.07385416666666664
1 0.07536333802156588 0.47146990740740746 0.12517580872011252 0.06606481481481481
1 0.19356540084388185 0.4561979166666667 0.12189404594467886 0.0644907407407409
2 0.9539585063291139 0.6101332703125 0.9641143006329114 0.4747438296875 0.9595048037974683 0.45842559843749997 0.8514918132911392 0.48074797968749994 0.942395329113924 0.6129898734375 0.9539585063291139 0.6101332703125
2 0.7436018164556962 0.49428119531250003 0.8345055537974684 0.6265238640625 0.9394379715189873 0.6006010390625 0.8550188449367088 0.4712555078125 0.7436018164556962 0.49428119531250003
2 0.6411098955696202 0.52038685 0.7320134113924051 0.6526287453124999 0.8369474113924051 0.6267057765625 0.7525269240506329 0.4973611625 0.6411098955696202 0.52038685
2 0.5403254493670886 0.5353427515625 0.6312273892405063 0.6675847890625 0.7361616044303798 0.64166259375 0.6517408987341772 0.5123172078125 0.5403254493670886 0.5353427515625
2 0.4269573291139241 0.5543260937500001 0.5178608449367088 0.686567990625 0.6227932626582279 0.6606451625 0.5383743575949367 0.53130040625 0.4269573291139241 0.5543260937500001
2 0.3182467689873418 0.5751129265625 0.4091502848101266 0.707354821875 0.5140845 0.6814326234375 0.42966379430379753 0.5520872375 0.3182467689873418 0.5751129265625
2 0.2119659082278481 0.5922800453125 0.3028696424050633 0.7245227109375 0.40780364556962023 0.6985997421875 0.32338293670886076 0.56925435625 0.2119659082278481 0.5922800453125
2 0.09647150632911392 0.6117460218749999 0.18737524367088607 0.7439886890625 0.29230924367088607 0.7180657203125 0.2078885348101266 0.588720334375 0.09647150632911392 0.6117460218749999
2 0.9172595379746835 0.308871684375 0.8512638101265824 0.3235463203125 0.9535708132911392 0.46272028125000003 0.9602922816455696 0.46121336875 0.9172595379746835 0.308871684375
2 0.8611961360759492 0.31381114062500004 0.7563014778481012 0.337134628125 0.8586071234177216 0.4763095046875 0.9582464810126582 0.4539709546875 0.9571507689873419 0.450091990625 0.8611961360759492 0.31381114062500004
2 0.6604353037974683 0.3579166609375 0.7627423069620253 0.49709062031249995 0.8637941455696203 0.4744354015625 0.7653315443037975 0.33459302968750004 0.6604353037974683 0.3579166609375
2 0.5473254272151898 0.3741816796875 0.6496324335443038 0.5133556390625 0.7506826930379747 0.4907005640625 0.652220088607595 0.350858190625 0.5473254272151898 0.3741816796875
2 0.4516458164556962 0.3937448671875 0.5539528196202532 0.5329188296875 0.6550046613924051 0.5102636109375001 0.5565420537974684 0.3704212375 0.4516458164556962 0.3937448671875
2 0.3341172848101266 0.408828696875 0.4364242879746836 0.54800265625 0.5374761297468355 0.5253474390624999 0.43901352215189876 0.385505065625 0.3341172848101266 0.408828696875
2 0.2289981107594937 0.42428708593750003 0.3313051139240506 0.563461046875 0.4323553765822785 0.540805971875 0.33389434810126584 0.40096345624999996 0.2289981107594937 0.42428708593750003
2 0.12448962341772152 0.4436549046875 0.22679662974683543 0.5828288671874999 0.32784688607594936 0.5601737921875001 0.22938586392405064 0.4203312765625 0.12448962341772152 0.4436549046875
2 0.002830025316455696 0.467702871875 0.10513702848101265 0.6068768328124999 0.20618728797468353 0.5842217562500001 0.10772468670886076 0.4443793828125 0.002830025316455696 0.467702871875
5 0.9610931740506329 0.51501921875 0.9634753860759493 0.4832613390625 0.9476658544303797 0.46101574218749997 0.8610914525316455 0.4769339890625 0.8964270569620254 0.5285564109374999 0.9610931740506329 0.51501921875
5 0.7602035474683544 0.496582840625 0.7955391487341772 0.5482052625 0.8819255569620252 0.5301203343750001 0.8467777310126583 0.48066382343749997 0.7602035474683544 0.496582840625
5 0.6502624240506328 0.516107290625 0.6855982436708861 0.5677304875 0.7719846518987341 0.5496455546875 0.7368368259493672 0.5001890453125 0.6502624240506328 0.516107290625
5 0.5462704778481013 0.532794559375 0.581606082278481 0.5844169828125 0.6679924873417721 0.56633205 0.6328448829113924 0.516876315625 0.5462704778481013 0.532794559375
5 0.4382283449367088 0.551174971875 0.4735639493670886 0.60279739375 0.5599505696202531 0.5847132359375 0.52480275 0.535256725 0.4382283449367088 0.551174971875
5 0.3280107943037975 0.5699901140625 0.36334639556962023 0.6216125375 0.44973302215189875 0.603528378125 0.4145851962025317 0.5540718703125 0.3280107943037975 0.5699901140625
5 0.21802767721518984 0.5894232015624999 0.2533635 0.641046396875 0.3397499050632911 0.622961465625 0.304602082278481 0.5735049546875 0.21802767721518984 0.5894232015624999
5 0.10498696518987341 0.609210365625 0.14032256329113924 0.6608327890625 0.22670897151898733 0.6427478578125 0.19156136392405063 0.593292121875 0.10498696518987341 0.609210365625
5 0.8274680601265824 0.420647259375 0.862803667721519 0.47226968437499994 0.949188490506329 0.45418489375000004 0.914040667721519 0.40472838437499997 0.8274680601265824 0.420647259375
5 0.7265292816455696 0.43725122812499995 0.7618648860759494 0.48887365000000005 0.848251506329114 0.4707894921875 0.8131036867088608 0.4213329828125 0.7265292816455696 0.43725122812499995
5 0.6207129240506329 0.45551269687499996 0.6560469493670886 0.5071352625000001 0.7424335759493671 0.4890511046875 0.70728575 0.43959459531249995 0.6207129240506329 0.45551269687499996
5 0.5149728670886076 0.47178109062500007 0.5503084683544304 0.5234035125000001 0.6366950917721519 0.5053193546875 0.6015472658227847 0.455862846875 0.5149728670886076 0.47178109062500007
5 0.41211569303797463 0.49021669687499997 0.4474512943037975 0.5418391203125 0.5338363386075949 0.5237551046875 0.4986885189873418 0.4742985953125 0.41211569303797463 0.49021669687499997
5 0.30137379746835447 0.5070667359375001 0.33670940189873416 0.55868915625 0.4230960253164557 0.540605 0.3879482025316456 0.491148490625 0.30137379746835447 0.5070667359375001
5 0.18795820569620253 0.5250798890625 0.22329381012658228 0.5767023124999999 0.3096802183544304 0.5586173796875 0.2745326107594937 0.5091616421875 0.18795820569620253 0.5250798890625
5 0.06222912341772152 0.5462263265625 0.09756473101265822 0.59784875 0.18395135443037974 0.5797645921875 0.14880353164556961 0.5303080812500001 0.06222912341772152 0.5462263265625