0 1 0.45435971249999996 0.2147263032069971 0.406447728125 0.23602661224489796 0.5509968703125 1 0.6122291 1 0.45435971249999996
6 0.09184785422740524 0.4418475578125 0.09493910495626821 0.49064232187499995 0.10105955685131196 0.5222726265625 0.24132372011661807 0.4892941109375 0.09184785422740524 0.4418475578125
1 0.3994493035309362 0.39728009259259256 0.09331605658136272 0.04866898148148149
1 0.4934996220710506 0.40489004629629627 0.09331605658136272 0.04866898148148149
1 0.5841809739768924 0.4100405092592593 0.09331605658136272 0.04866898148148149
1 0.6713421876687182 0.41195023148148147 0.09331605658136272 0.04866898148148149
1 0.674559982723248 0.4136284722222222 0.09331605658136272 0.04866898148148149
1 0.7689126444228486 0.42280092592592594 0.09331605658136272 0.04866898148148149
1 0.9996868588705322 0.4343460648148148 0.0006262822589354871 0.04820601851851851
1 0.4328258287441962 0.6071469907407407 0.09331605658136272 0.04866898148148149
1 0.5113918583306338 0.6094907407407407 0.09331605658136272 0.04866898148148149
1 0.6062952164992982 0.6140335648148147 0.09331605658136272 0.04866898148148149
1 0.6932080768815463 0.6221354166666667 0.09331605658136272 0.04866898148148149
1 0.7809739768923443 0.627170138888889 0.09331605658136272 0.04866898148148149
1 0.8805528560630602 0.633449074074074 0.09331605658136272 0.04866898148148149
1 0.9638969873663752 0.6402777777777777 0.07220602526724972 0.04866898148148149
3 1 0.2861059875 0.8129614227405249 0.27177511875000004 0.7766009941690962 0.390128828125 0.8355596034985423 0.44371864843750003 0.9470100962099125 0.45057968125 1 0.41777318750000003 1 0.2861059875
4 1 0.2861059875 0.07750347813411079 0.21542443906250003 0.09493910495626821 0.4906423328125 0.10199385131195335 0.5271010359375 0.11748537026239067 0.5331729843749999 0.20371455685131196 0.549598959375 0.36801252186588923 0.559297059375 0.8297720495626821 0.5965298375 0.9814281836734694 0.700537646875 1 0.710958528125 1 0.2861059875
1 0.4074163498542274 0.4925985625 0.45086965889212827 0.37762424375000003 0.3816392944606414 0.3768131625 0.30833504081632657 0.46546571718749996 0.4074163498542274 0.4925985625
1 0.49750283673469387 0.496285375 0.5352503790087464 0.3906527109375 0.46301020991253644 0.3822817453125 0.4125599037900875 0.48234559531250004 0.49750283673469387 0.496285375
1 0.5978928192419825 0.4968747203125 0.6268492594752186 0.3947455609375 0.564842192419825 0.38670365 0.4958029795918367 0.4928313734375 0.5978928192419825 0.4968747203125
1 0.6913037813411079 0.5099521124999999 0.7148596763848396 0.3982486890625 0.6370421428571429 0.3887231265625 0.5962508075801749 0.4954681890625 0.6913037813411079 0.5099521124999999
1 0.7896172157434402 0.514687725 0.8095311137026239 0.40846737656250004 0.7256328833819242 0.393979590625 0.6955499795918367 0.5091794828125 0.7896172157434402 0.514687725
1 0.4795213002915452 0.6250667671875 0.4022122244897959 0.491885796875 0.32483513994169094 0.48504194843750004 0.36837574927113703 0.629202871875 0.4795213002915452 0.6250667671875
1 0.5612641895043732 0.6317580453125 0.4945007667638484 0.49974684375 0.4175692565597668 0.4953986265625 0.4732705393586006 0.643533853125 0.5612641895043732 0.6317580453125
1 0.5570559271137026 0.5011146125 0.5015388367346938 0.5108347046875 0.581300029154519 0.6402368296875001 0.6556562653061224 0.6358098078125 0.5898046763848396 0.51825849375 0.5570559271137026 0.5011146125
1 0.741072501457726 0.6323301546875 0.6712310116618075 0.5134579578125 0.6011648658892128 0.50766209375 0.6589694023323615 0.6445543125000001 0.741072501457726 0.6323301546875
1 0.8329507084548105 0.6464596890625 0.7684515364431487 0.51958225 0.6885087551020408 0.5159700046875 0.752779527696793 0.6537671640625 0.8329507084548105 0.6464596890625
1 0.9225231282798834 0.6547108453125 0.8642345451895044 0.527839340625 0.7775002040816327 0.5222798078124999 0.8441753702623906 0.6575244625 0.9225231282798834 0.6547108453125
1 1 0.63472100625 0.951082638483965 0.53241404375 0.8687951924198252 0.529783525 0.9404100612244898 0.6601435437500001 1 0.657846490625 1 0.63472100625
5 0.37379332685455136 0.45905671296296297 0.09331605658136272 0.04866898148148149
5 0.4615592268653494 0.46409143518518514 0.09653385163589238 0.05034722222222214
5 0.5528452650901631 0.4723668981481482 0.09392074290033474 0.05179398148148149
5 0.6498110355253213 0.48009259259259257 0.0892992117481913 0.0578125
5 0.7437101824856927 0.4869212962962964 0.10266709858546594 0.05214120370370381
5 0.8377605010258071 0.49453125 0.09744088111435048 0.055034722222222145
5 0.9334197170931865 0.502980324074074 0.09683619479537864 0.05190972222222214
5 0.9901792463016953 0.5105902777777778 0.019641507396609324 0.05335648148148149
5 0.372260015117158 0.5109375 0.09713853795486439 0.05347222222222214
5 0.4591728754994061 0.5190393518518519 0.09683619479537847 0.05190972222222214
5 0.5564409890940504 0.5283275462962964 0.09713853795486456 0.05347222222222214
5 0.6445092322643343 0.5349247685185186 0.10296944174495203 0.05370370370370381
5 0.7356440989094051 0.5424189814814815 0.08778749595076135 0.05
5 0.8295432458697763 0.5492476851851851 0.09744088111435048 0.055034722222222145
5 0.9225893532015982 0.5591435185185185 0.09653385163589238 0.05034722222222214
5 0.985919447143937 0.565306712962963 0.028161105712125992 0.05648148148148149