0 0.7894270962099126 1 0.6208137492711371 0.299896803125 0.35158767930029156 0.31336746875 0.47034544023323616 1 0.7894270962099126 1
6 0.2817822915451895 0.170534934375 0.47003461516034983 0.31531634375 0.5806597580174927 0.1484560234375 0.2817822915451895 0.170534934375
1 0.683403520138214 0.39850694444444446 0.08705323399200951 0.04631944444444445
1 0.693456430191124 0.44859375 0.08705323399200951 0.04631944444444436
1 0.7049238743116294 0.4979166666666666 0.08705323399200951 0.04631944444444436
1 0.7206349206349205 0.5449479166666666 0.08705323399200951 0.04631944444444436
1 0.7178058524997301 0.5464756944444444 0.08705323399200951 0.04631944444444436
1 0.7234855847100745 0.5965104166666666 0.08705323399200951 0.04631944444444436
1 0.7710074505992874 0.7446354166666668 0.08705323399200951 0.04631944444444436
1 0.7810603606521973 0.7947222222222223 0.08705323399200951 0.04631944444444436
1 0.2941582982399309 0.41963541666666665 0.08705323399200951 0.04631944444444454
1 0.3052802073210236 0.46270833333333333 0.08705323399200951 0.04631944444444436
1 0.31961991145664614 0.5112847222222221 0.08705323399200951 0.04631944444444436
1 0.3266709858546593 0.5597743055555556 0.08705323399200951 0.04631944444444436
1 0.3409243062304287 0.6067881944444444 0.08705323399200951 0.04631944444444436
1 0.35110679192311844 0.65921875 0.08705323399200951 0.04631944444444436
1 0.36261742792355034 0.7093229166666667 0.08705323399200951 0.04631944444444436
1 0.3681243926141885 0.7562326388888889 0.08705323399200951 0.04631944444444436
1 0.37809091890724544 0.8047569444444445 0.08705323399200951 0.04631944444444436
3 1 0.61629815625 0.7894068250728864 0.6002914875 0.7021002011661808 0.6326059734375 0.7163693206997085 0.692335565625 0.8233809795918366 0.7319773625 0.9582734344023324 0.764475109375 1 0.770608715625 1 0.61629815625
4 1 0.3563019390625 0.964994862973761 0.1675676109375 0.5293634810495627 0.179349053125 0.4322303527696793 0.1910569375 0.38409332361516035 0.2196919625 0.35639616618075803 0.24968670624999997 0.34632816034985425 0.2960589734375 0.3681537609329446 0.3841051015625 0.4105535714285714 0.6317019328125 0.25022546355685127 0.7143372718750001 0.17301897667638483 0.765445775 0.14345573469387754 0.8270130953124999 0.10987620116618076 0.9076117515625001 0.10894926530612246 0.9347512109375 0.10773720699708456 0.938406790625 0.11916109037900874 1 0.8354419941690961 1 1 0.9957840625 1 0.3563019390625
1 0.5044388134110788 0.4042309609375 0.7333726909620991 0.42583080781250005 0.71795727696793 0.3887777359375 0.5316873731778425 0.350828590625 0.5044388134110788 0.4042309609375
1 0.5195022390670554 0.45248427812500003 0.729302527696793 0.47116531093749997 0.7275032682215744 0.4323933875 0.5251649387755102 0.40683588593750003 0.5195022390670554 0.45248427812500003
1 0.5429700029154518 0.506205996875 0.7439654577259475 0.5202336578125 0.7440476559766764 0.4869416328125 0.5256437346938776 0.4515252171875 0.5429700029154518 0.506205996875
1 0.5410185685131195 0.5563727984375 0.7588691749271137 0.56737354375 0.757896081632653 0.5256009046875 0.5452383148688047 0.5053072625 0.5410185685131195 0.5563727984375
1 0.5561056093294461 0.609042959375 0.7626540087463557 0.6181737421875 0.7696130204081633 0.573076453125 0.5435254402332361 0.5586336265625 0.5561056093294461 0.609042959375
1 0.582081081632653 0.7613344265624999 0.797166224489796 0.769781184375 0.7934585568513121 0.7251928828125 0.5790441603498542 0.7115311328125 0.582081081632653 0.7613344265624999
1 0.5926045364431487 0.8097002421875 0.8185660058309039 0.819471784375 0.8206387725947523 0.777161896875 0.586145556851312 0.7615026171875 0.5926045364431487 0.8097002421875
1 0.27059241982507287 0.4447111078125 0.504517527696793 0.40143628593749997 0.49856076676384836 0.35993778593750003 0.23551868804664725 0.3853024640625 0.27059241982507287 0.4447111078125
1 0.27790808454810495 0.4885433265625 0.5121950058309038 0.450927696875 0.5016091428571429 0.40970340937499994 0.23399969970845483 0.44163163125000005 0.27790808454810495 0.4885433265625
1 0.5249186530612245 0.484417215625 0.4928671632653061 0.45485247968750003 0.2667171749271137 0.4993850765625 0.2933331020408163 0.5391055671875 0.5003896268221575 0.5021852859375 0.5249186530612245 0.484417215625
1 0.32085906997084546 0.5847572609375 0.5294462653061224 0.545683246875 0.5232903294460641 0.508111471875 0.2775421078717201 0.5410037171875001 0.32085906997084546 0.5847572609375
1 0.31653463556851313 0.634119065625 0.5416290728862974 0.5977885765625001 0.528908390670554 0.5549636765625 0.28302569387755105 0.591328640625 0.31653463556851313 0.634119065625
1 0.3228062419825073 0.6821628234375 0.5494104635568513 0.6491553703124999 0.5387235830903789 0.6026687359375 0.29827597376093296 0.640283534375 0.3228062419825073 0.6821628234375
1 0.3392815364431487 0.7294645937500001 0.5619950116618075 0.6956887375 0.5468361690962099 0.651623421875 0.31687237609329444 0.6918111046875 0.3392815364431487 0.7294645937500001
1 0.3469470262390671 0.7799083 0.5623299008746355 0.748617084375 0.5502667900874636 0.7016454703125 0.3229097755102041 0.7415741406249999 0.3469470262390671 0.7799083
1 0.35250360349854226 0.8388770765625001 0.5796174956268221 0.8061937296874999 0.5613014139941691 0.755619359375 0.3094445335276968 0.7976532781250001 0.35250360349854226 0.8388770765625001
5 0.561807580174927 0.38612847222222224 0.08705323399200951 0.04631944444444445
5 0.570229996760609 0.4330729166666666 0.09005506964690646 0.04791666666666679
5 0.5802397149335925 0.48237847222222224 0.09288413778209698 0.046388888888888855
5 0.5903790087463557 0.5340277777777779 0.10445956160241868 0.044965277777777854
5 0.5960587409567002 0.5840625 0.09314328906165628 0.05107638888888886
5 0.6046539250620883 0.6341319444444444 0.09880142533203765 0.04802083333333336
5 0.6118777669798078 0.6857465277777778 0.09597235719684713 0.049548611111111106
5 0.6249325126876147 0.7374305555555556 0.09588597343699391 0.047986111111111104
5 0.6306986286578122 0.7890277777777778 0.09314328906165628 0.05107638888888886
5 0.45980995572832306 0.38569444444444445 0.09588597343699391 0.047986111111111104
5 0.4681891804340784 0.43185763888888895 0.0929705215419502 0.047951388888888856
5 0.47541302235179783 0.4834722222222222 0.09588597343699391 0.047986111111111104
5 0.48100637080228914 0.5319444444444444 0.09605874095670001 0.05111111111111111
5 0.49097289709534603 0.58046875 0.08979591836734681 0.04322916666666661
5 0.49956808120073426 0.6305381944444445 0.09880142533203765 0.04802083333333336
5 0.5037900874635569 0.6805555555555556 0.09014145340675968 0.04947916666666678
5 0.5153871072238418 0.7322222222222223 0.10163049346722816 0.046493055555555426
5 0.5259583198358708 0.7916840277777778 0.0932296728215095 0.05263888888888886