0 0.6167790524781341 0.3380840734375 0.37241261224489797 0.332194121875 0.33562538775510203 0.9982911828125 0.6250486530612245 0.9993164734375 0.6167790524781341 0.3380840734375
6 0.5105827900874635 0.34254955625 0.6557318833819241 0.2084948734375 0.38326359183673464 0.1955721125 0.5105827900874635 0.34254955625
1 0.3323615160349854 0.421875 0.06997084548104957 0.0375
1 0.3323615160349854 0.4671875 0.06997084548104957 0.0375
1 0.3294460641399417 0.5109375 0.06997084548104957 0.0375
1 0.3236151603498542 0.5546875 0.06997084548104957 0.0375
1 0.32653061224489793 0.55625 0.06997084548104957 0.0375
1 0.3294460641399417 0.6 0.06997084548104957 0.0375
1 0.3119533527696793 0.734375 0.06997084548104957 0.0375
1 0.3119533527696793 0.778125 0.06997084548104957 0.0375
1 0.685131195335277 0.43125 0.06997084548104957 0.0375
1 0.6822157434402333 0.4703125 0.06997084548104957 0.0375
1 0.6763848396501457 0.515625 0.06997084548104957 0.0375
1 0.6793002915451894 0.5578125 0.06997084548104957 0.0375
1 0.6763848396501457 0.6015625 0.06997084548104957 0.0375
1 0.673469387755102 0.6484375 0.06997084548104957 0.0375
1 0.673469387755102 0.6921875 0.06997084548104957 0.0375
1 0.6763848396501457 0.734375 0.06997084548104957 0.0375
1 0.6763848396501457 0.7796875 0.06997084548104957 0.0375
3 0.2623111195335277 0.7240150375 0.3519362944606414 0.6860369109375 0.35480591253644317 0.6321879703125 0.27089956559766765 0.6052365 0.0032382040816326526 0.6327272734375 0.00278034110787172 0.7816288453125 0.14642065014577257 0.756231715625 0.2623111195335277 0.7240150375
4 0.9386341020408164 0.8893116890625 0.9332736559766764 0.8650143546875 0.8896312332361516 0.793563909375 0.852775139941691 0.7390745046875 0.774817192419825 0.6950505812500001 0.6168479241982507 0.62468489375 0.6136798658892129 0.4018496234375 0.6186219854227405 0.3224538625 0.6018328075801749 0.2811326046875 0.5719211895043732 0.25489131875000004 0.5238544548104956 0.23033766249999998 0.4345481253644315 0.2220765546875 0 0.22146274843749997 0.00027930903790087465 0.9993164734375 0.9962062857142857 0.9993164734375 0.9386341020408164 0.8893116890625
1 0.46106084256559765 0.37578605625 0.2998750524781341 0.4140669859375 0.2921921282798834 0.44762269374999997 0.4944733965014577 0.423012303125 0.46106084256559765 0.37578605625
1 0.4762685393586006 0.42582228281249995 0.2985652303206997 0.4533684203125 0.3034142478134111 0.48815174375000003 0.4889752069970845 0.4665960359375 0.4762685393586006 0.42582228281249995
1 0.4832920903790087 0.4658776484375 0.2927851836734694 0.50262679375 0.2984121836734694 0.5324565953125 0.47683098542274055 0.5152727265625 0.4832920903790087 0.4658776484375
1 0.4746411486880467 0.51451948125 0.2867793935860058 0.5375857828124999 0.29287190962099124 0.5750389609375001 0.4869537201166181 0.5601804515625 0.4746411486880467 0.51451948125
1 0.4850763527696793 0.5622638421875 0.284161026239067 0.5803957625 0.29794156851311954 0.6206459328125 0.48217102623906705 0.6077224875 0.4850763527696793 0.5622638421875
1 0.47863693294460646 0.7000847578125 0.28808921282798833 0.7172488031250001 0.2921921282798834 0.757287765625 0.4842129183673469 0.744781271875 0.47863693294460646 0.7000847578125
1 0.4805857201166181 0.745025290625 0.27231396793002915 0.764440190625 0.2812352915451895 0.802304853125 0.4828163702623907 0.7883615859375 0.4805857201166181 0.745025290625
1 0.7331605451895044 0.3998776484375 0.49237155976676383 0.38318797031249996 0.4939364577259476 0.4205099109375 0.7115274548104956 0.45391660937499995 0.7331605451895044 0.3998776484375
1 0.743922250728863 0.45031715625 0.4979309650145773 0.427850990625 0.49528709037900875 0.4650334921875 0.7122595247813411 0.49336090156249995 0.743922250728863 0.45031715625
1 0.706821279883382 0.5390218734375 0.7241320903790087 0.502818865625 0.5133235947521866 0.46810662968749994 0.4894305189504374 0.4953342453125 0.5144535860058309 0.5106924125 0.706821279883382 0.5390218734375
1 0.7213389941690962 0.54036021875 0.49484708454810494 0.5165283656249999 0.49557788046647233 0.5503362953125001 0.6896813731778425 0.5805604921875 0.7213389941690962 0.54036021875
1 0.724801667638484 0.5855803140625 0.49760956851311955 0.5586397812499999 0.4933127930029155 0.5973055359375 0.7018039125364431 0.6246924125 0.724801667638484 0.5855803140625
1 0.7192524635568514 0.6297969921875 0.49673975510204077 0.60161175625 0.49488279300291543 0.6435119625 0.7041774052478134 0.667886534375 0.7192524635568514 0.6297969921875
1 0.7111231574344024 0.6763957625 0.49760956851311955 0.6456643875 0.4913270174927114 0.6854976078125 0.6972507871720116 0.710650034375 0.7111231574344024 0.6763957625
1 0.7139940495626822 0.7211250859375 0.5028679825072887 0.6905659609375 0.4998542478134111 0.73293233125 0.6987710466472303 0.7560266578125 0.7139940495626822 0.7211250859375
1 0.7354575160349854 0.7710663015625 0.5019471545189504 0.7391831859375 0.49391095043731775 0.78492139375 0.7036098600583091 0.8089938484375001 0.7354575160349854 0.7710663015625
5 0.4402332361516035 0.4078125 0.06997084548104957 0.0375
5 0.4402332361516035 0.45 0.0728862973760933 0.0390625
5 0.4402332361516035 0.4953125 0.07580174927113703 0.0390625
5 0.4402332361516035 0.540625 0.08454810495626822 0.0359375
5 0.4402332361516035 0.5859375 0.07580174927113703 0.0421875
5 0.4402332361516035 0.63125 0.08163265306122448 0.040625
5 0.44314868804664725 0.678125 0.07580174927113703 0.040625
5 0.44314868804664725 0.7234375 0.07871720116618076 0.0390625
5 0.44314868804664725 0.7703125 0.07580174927113703 0.0421875
5 0.5306122448979592 0.4046875 0.07871720116618076 0.0390625
5 0.5335276967930029 0.446875 0.07580174927113703 0.0390625
5 0.5364431486880467 0.49375 0.07871720116618076 0.0390625
5 0.5364431486880467 0.5359375 0.07871720116618076 0.0421875
5 0.5364431486880467 0.58125 0.0728862973760933 0.0359375
5 0.5364431486880467 0.6265625 0.08163265306122448 0.0390625
5 0.5393586005830904 0.6703125 0.0728862973760933 0.040625
5 0.5393586005830904 0.7171875 0.08454810495626822 0.0375
5 0.5393586005830904 0.7703125 0.07580174927113703 0.04375