6 0.6474637278481012 0.920230240625 0.4401640063291139 0.7683790796875 0.28448921202531646 0.9551537031249999 0.6474637278481012 0.920230240625
0 0.3800613987341772 0 0.0223724082278481 0.0381272296875 0.2840781360759494 0.7907110546875 0.6178498481012659 0.75019623125 0.42650649367088606 0 0.3800613987341772 0
1 0.6464486638537271 0.669068287037037 0.11315049226441642 0.048819444444444395
1 0.6328762306610407 0.6214930555555556 0.11054852320675107 0.05193287037037031
1 0.6227496483825598 0.5723437499999999 0.110267229254571 0.05037037037037031
1 0.6095991561181434 0.5224247685185185 0.11082981715893114 0.05349537037037031
1 0.5935654008438819 0.4709548611111112 0.1099859353023911 0.04880787037037031
1 0.5840014064697608 0.4186805555555555 0.10766526019690582 0.053483796296296404
1 0.5747187060478199 0.36484375 0.11315049226441642 0.048819444444444485
1 0.5563642756680732 0.3086979166666667 0.11947960618846705 0.04884259259259256
1 0.5457805907172996 0.2533043981481481 0.110267229254571 0.05037037037037031
1 0.1920886075949367 0.7160127314814815 0.10393811533052036 0.05034722222222214
1 0.17362869198312236 0.6692361111111111 0.11343178621659636 0.05038194444444457
1 0.15861462728551334 0.6208854166666666 0.1068213783403657 0.04879629629629641
1 0.13941631504922644 0.5694270833333334 0.10710267229254568 0.05035879629629623
1 0.1231012658227848 0.519519675925926 0.1128691983122363 0.04725694444444439
1 0.10706751054852319 0.4680497685185186 0.10970464135021094 0.04724537037037031
1 0.08786919831223629 0.41659143518518515 0.11315049226441633 0.04881944444444457
1 0.0689521800281294 0.3635706018518518 0.1168776371308017 0.05195601851851848
1 0.05458860759493671 0.30742476851851847 0.10917721518987342 0.05351851851851848
2 0.5688115330520394 0.6787210648148149 0.2925457102672293 0.07914351851851861
2 0.5524964838255978 0.6288136574074074 0.2848101265822785 0.07130787037037045
2 0.5407876230661041 0.579670138888889 0.2957102672292546 0.07915509259259253
2 0.5234528832630098 0.5266435185185185 0.2945850914205343 0.07290509259259252
2 0.5138888888888888 0.4743692129629629 0.29170182841068926 0.07445601851851862
2 0.4978551336146273 0.42289930555555555 0.28825597749648385 0.07288194444444436
2 0.485267229254571 0.36985532407407407 0.2959915611814345 0.08071759259259252
2 0.4669127988748241 0.3137094907407407 0.30203938115330525 0.07917824074074069
2 0.4563291139240506 0.25831597222222225 0.3052039381153306 0.07918981481481477
2 0.2818213783403657 0.7094386574074074 0.28853727144866387 0.07444444444444435
2 0.26652601969057665 0.6626504629629629 0.2974683544303797 0.07135416666666679
2 0.2441631504922644 0.6112037037037037 0.3112517580872011 0.07765046296296312
2 0.23776371308016875 0.5589178240740741 0.31469760900140653 0.07922453703703702
2 0.21828410689170183 0.5090219907407407 0.3112517580872011 0.07765046296296294
2 0.20225035161744023 0.4575520833333333 0.3172995780590718 0.0761111111111111
2 0.18621659634317864 0.4060821759259259 0.32503516174402247 0.08394675925925928
2 0.17260900140646973 0.3499189814814815 0.32763713080168777 0.08083333333333335
2 0.1574367088607595 0.2891030092592593 0.314873417721519 0.08864583333333335
5 0.48554852320675107 0.6844907407407408 0.12060478199718698 0.05509259259259256
5 0.4735583684950774 0.6369097222222222 0.12060478199718698 0.05509259259259256
5 0.46199015471167365 0.5869849537037037 0.12088607594936723 0.056655092592592736
5 0.4449367088607595 0.5323958333333334 0.12749648382559775 0.058240740740740725
5 0.43192686357243315 0.48169560185185184 0.12721518987341787 0.056678240740740723
5 0.41589310829817155 0.4302256944444444 0.13410689170182846 0.059826388888888894
5 0.4018635724331927 0.37640624999999994 0.13755274261603376 0.061400462962962976
5 0.3848101265822785 0.3218171296296296 0.1369901547116737 0.05827546296296297
5 0.3714838255977496 0.2640914351851852 0.12749648382559775 0.058240740740740725
5 0.370253164556962 0.7013078703703703 0.12405063291139237 0.05666666666666664
5 0.3539381153305204 0.6514004629629631 0.11947960618846697 0.048842592592592736
5 0.3392053445850914 0.6014872685185185 0.12693389592123772 0.05511574074074073
5 0.32591420534458504 0.552349537037037 0.13066104078762308 0.05825231481481481
5 0.3065752461322081 0.5016724537037037 0.130379746835443 0.05668981481481481
5 0.2909634317862166 0.44785879629629627 0.13094233473980305 0.05981481481481481
5 0.2767932489451477 0.3948206018518519 0.12433192686357245 0.058229166666666644
5 0.25657524613220817 0.34024305555555556 0.12777777777777782 0.059803240740740726
5 0.23445850914205343 0.27864583333333337 0.13783403656821375 0.06296296296296297