6 0.5099432176656151 0.2272421875 0.6875110410094637 0.0744953125 0.36159148264984226 0.07111406249999999 0.5099432176656151 0.2272421875
0 0.3501577287066246 0.2265625 0.3531640378548896 0.9798703124999999 0.7202539432176657 0.97333984375 0.6517034700315457 0.22213124999999997 0.3501577287066246 0.2265625
1 0.305993690851735 0.296875 0.07886435331230283 0.0359375
1 0.30914826498422715 0.340625 0.07570977917981073 0.0390625
1 0.305993690851735 0.3859375 0.07570977917981073 0.0375
1 0.30914826498422715 0.43125 0.07570977917981073 0.040625
1 0.30914826498422715 0.4796875 0.07570977917981073 0.0375
1 0.305993690851735 0.5265625 0.07570977917981073 0.040625
1 0.3028391167192429 0.578125 0.07886435331230283 0.0375
1 0.305993690851735 0.628125 0.08517350157728706 0.0359375
1 0.305993690851735 0.6796875 0.07570977917981073 0.0390625
1 0.7160883280757098 0.2984375 0.0694006309148265 0.0375
1 0.722397476340694 0.3421875 0.07886435331230283 0.0390625
1 0.7255520504731862 0.3875 0.07255520504731862 0.0359375
1 0.7318611987381703 0.434375 0.07255520504731862 0.0375
1 0.7318611987381703 0.48125 0.07886435331230283 0.0359375
1 0.7350157728706624 0.528125 0.07570977917981073 0.0359375
1 0.7413249211356467 0.5765625 0.07886435331230283 0.0359375
1 0.7444794952681388 0.6265625 0.08201892744479496 0.040625
1 0.7476340694006309 0.678125 0.08201892744479496 0.040625
2 0.3785488958990536 0.2953125 0.23659305993690852 0.0453125
2 0.3785488958990536 0.340625 0.2334384858044164 0.040625
2 0.3785488958990536 0.3859375 0.23659305993690852 0.046875
2 0.38485804416403785 0.4359375 0.24290220820189273 0.040625
2 0.38170347003154576 0.4828125 0.23974763406940064 0.0421875
2 0.38485804416403785 0.53125 0.23659305993690852 0.040625
2 0.38485804416403785 0.58125 0.23974763406940064 0.0484375
2 0.38485804416403785 0.6328125 0.24290220820189273 0.046875
2 0.38485804416403785 0.684375 0.24605678233438485 0.0453125
2 0.637223974763407 0.2953125 0.2334384858044164 0.0421875
2 0.6403785488958991 0.3390625 0.24605678233438485 0.040625
2 0.6466876971608833 0.3875 0.2555205047318612 0.0421875
2 0.6435331230283912 0.434375 0.2555205047318612 0.0453125
2 0.6466876971608833 0.48125 0.2555205047318612 0.04375
2 0.6498422712933754 0.528125 0.2618296529968454 0.0421875
2 0.6529968454258676 0.5765625 0.26498422712933756 0.046875
2 0.6529968454258676 0.628125 0.26813880126182965 0.0453125
2 0.6593059936908517 0.684375 0.26498422712933756 0.053125
5 0.45110410094637227 0.2984375 0.08517350157728706 0.040625
5 0.45110410094637227 0.3421875 0.08517350157728706 0.040625
5 0.45110410094637227 0.3875 0.08201892744479496 0.04375
5 0.45425867507886436 0.4390625 0.08832807570977919 0.04375
5 0.45425867507886436 0.4859375 0.08832807570977919 0.0421875
5 0.45741324921135645 0.534375 0.0914826498422713 0.0453125
5 0.45741324921135645 0.5828125 0.0946372239747634 0.046875
5 0.4605678233438486 0.634375 0.09779179810725552 0.04375
5 0.4605678233438486 0.6859375 0.08832807570977919 0.04375
5 0.555205047318612 0.2953125 0.08517350157728706 0.0421875
5 0.5583596214511041 0.340625 0.08517350157728706 0.0359375
5 0.5615141955835962 0.3859375 0.0914826498422713 0.040625
5 0.5615141955835962 0.4328125 0.08832807570977919 0.04375
5 0.5678233438485805 0.4796875 0.0914826498422713 0.0421875
5 0.5709779179810726 0.528125 0.0914826498422713 0.0453125
5 0.5709779179810726 0.578125 0.08517350157728706 0.04375
5 0.5772870662460567 0.628125 0.08832807570977919 0.04375
5 0.580441640378549 0.6859375 0.09779179810725552 0.046875