6 0.5712804545454546 0.0909549875 0.7014092794612795 0.28906633125000003 0.9684359932659933 0.148615484375 0.5712804545454546 0.0909549875
0 0.5425240054869684 0.6271527777777778 0.7964833520389075 0.7456944444444444
1 0.44481855592966707 0.335 0.11984037909963842 0.05927083333333334
1 0.42511535104127696 0.3792013888888889 0.11984037909963832 0.05927083333333334
1 0.410712058860207 0.42517361111111107 0.11984037909963832 0.059270833333333425
1 0.39175707694226214 0.47406249999999994 0.11984037909963842 0.059270833333333425
1 0.36918568400049884 0.52125 0.11984037909963842 0.059270833333333425
1 0.35141538845242554 0.5670833333333333 0.11984037909963842 0.059270833333333425
1 0.3336450929043522 0.6129166666666667 0.11984037909963832 0.059270833333333425
1 0.3113231076194039 0.6616666666666667 0.11984037909963842 0.059270833333333425
1 0.2949869060980172 0.7060069444444445 0.11984037909963842 0.059270833333333425
1 0.8873924429479985 0.40447916666666667 0.11984037909963842 0.05927083333333325
1 0.8541588726773911 0.5001215277777777 0.11984037909963842 0.059270833333333425
1 0.873113854595336 0.45123263888888887 0.11984037909963842 0.059270833333333425
1 0.8541588726773911 0.5001215277777777 0.11984037909963842 0.059270833333333425
1 0.8349544831026312 0.5474479166666667 0.11984037909963842 0.059270833333333425
1 0.8159995011846863 0.5963368055555556 0.11984037909963842 0.059270833333333425
1 0.7984786132934282 0.643732638888889 0.11984037909963842 0.059270833333333425
1 0.7792742237186682 0.6910590277777778 0.11984037909963842 0.059270833333333425
1 0.76175333582741 0.738454861111111 0.11984037909963842 0.059270833333333425
1 0.7406160369123334 0.7841493055555555 0.11984037909963842 0.05927083333333325
2 0.5171467764060357 0.3480729166666666 0.2955480733258511 0.09135416666666671
2 0.4996258885147774 0.39546875 0.2955480733258511 0.09135416666666663
2 0.4764309764309764 0.43875000000000003 0.2955480733258511 0.09135416666666671
2 0.5999406228956229 0.4894214671875 0.33433867003367 0.44740013593750005 0.31622979124579126 0.4925818421875 0.5821193063973064 0.5353210546875 0.5999406228956229 0.4894214671875
2 0.5866841616161615 0.5371485 0.32140945117845116 0.49334954218749993 0.29644168013468014 0.53530770625 0.5716050808080808 0.5824756 0.5866841616161615 0.5371485
2 0.5650605454545454 0.5861209515625 0.30994865319865317 0.5438182953124999 0.29475625925925925 0.5862261046875 0.5499029393939393 0.6295739765625 0.5650605454545454 0.5861209515625
2 0.5483496464646465 0.63577180625 0.29372840067340067 0.5899754703125 0.2742150067340067 0.629585440625 0.5307752962962963 0.67840266875 0.5483496464646465 0.63577180625
2 0.5384656700336701 0.6851615234375 0.2744762895622896 0.6356654140625 0.25163893265993265 0.6763449640625 0.5125186801346802 0.7268405796875 0.5384656700336701 0.6851615234375
2 0.5108015656565656 0.7303602734375 0.25773407744107746 0.6831740765625 0.23120810774410774 0.7201791796875 0.4925596161616162 0.773257259375 0.5108015656565656 0.7303602734375
2 0.8014715051752089 0.39006944444444447 0.2911834393315874 0.08496527777777771
2 0.7787754084050381 0.43647569444444445 0.294550442698591 0.08510416666666672
2 0.7647462277091907 0.4847916666666666 0.2976680384087791 0.08368055555555554
2 0.742299538595835 0.5327604166666667 0.3015338570894126 0.08694444444444435
2 0.7246539468761691 0.579375 0.2873176206509541 0.08170138888888889
2 0.7105000623519142 0.6269097222222222 0.294550442698591 0.08510416666666672
2 0.6912956727771543 0.6742361111111111 0.28706821299413887 0.0801388888888889
2 0.673774784885896 0.7216319444444445 0.29430103504177574 0.08354166666666671
2 0.6522010225713929 0.7750694444444444 0.2842000249407656 0.0831249999999999
5 0.5978925052999127 0.36149305555555555 0.12295797480982672 0.05784722222222225
5 0.5801222097518394 0.40732638888888884 0.12295797480982652 0.05784722222222225
5 0.5609178201770795 0.45465277777777774 0.12295797480982652 0.05784722222222225
5 0.5419628382591346 0.5035416666666667 0.12295797480982672 0.05784722222222225
5 0.5230078563411897 0.5524305555555555 0.12295797480982672 0.05784722222222225
5 0.5053622646215239 0.5990451388888889 0.12295797480982652 0.05784722222222207
5 0.4897742860705824 0.6480729166666667 0.12295797480982672 0.05784722222222225
5 0.47225339817932416 0.6954687500000001 0.12295797480982672 0.05784722222222207
5 0.4544831026312508 0.7413020833333334 0.12295797480982672 0.05784722222222225
5 0.713991769547325 0.3763715277777778 0.12295797480982652 0.05784722222222225
5 0.6962214739992517 0.4222048611111111 0.12295797480982652 0.05784722222222225
5 0.6787005861079936 0.4696006944444445 0.12295797480982672 0.05784722222222207
5 0.6599950118468637 0.5200520833333333 0.12295797480982652 0.05784722222222225
5 0.6407906222721037 0.5673784722222222 0.12295797480982672 0.05784722222222225
5 0.6265120339194413 0.6141319444444445 0.12295797480982672 0.05784722222222207
5 0.6122334455667789 0.6608854166666667 0.12295797480982672 0.05784722222222207
5 0.593278463648834 0.7097743055555557 0.12295797480982652 0.05784722222222207
5 0.5719541089911461 0.7647743055555555 0.12295797480982652 0.05784722222222207
4 0.836543037037037 1 0.8117255218855219 0.9806931984375 0.715444606060606 0.9006987421874999 0.649648175084175 0.8365719781250001 0.5768339191919192 0.75897023125 0.5221151245791246 0.7211429 0.5065805690235691 0.666893134375 0.51327798989899 0.6122254796875 0.5569110202020202 0.5433074437500001 0.5753121851851851 0.48384410468750005 0.6155842828282828 0.394931009375 0.6087592121212122 0.32094075625 0.5450131515151515 0.2945905546875 0.5223154276094276 0.2840653265625 0.47070887878787876 0.2840520328125 0.4230855488215488 0.29168466875 0.397069228956229 0.31969518125 0.3839117373737374 0.3688531078125 0.37330545117845115 0.39896845625 0.37806908417508417 0.43390995937500004 0.3548759663299663 0.4707842828125 0.3258900505050505 0.5377750296875 0.3087105925925926 0.5738213046875 0.26752658249158245 0.6214385078125 0.2449199595959596 0.640596784375 0.1760314478114478 0.6501135890625 0.1413799764309764 0.6477710046875 0.10257703367003367 0.6426290875 0.15282981818181818 0.9574549265625001 0.42890362962962963 1 0.836543037037037 1