6 0.90148632996633 0.06639896875 0.5061663164983166 0.050121704687500004 0.6738415723905724 0.23328428125 0.90148632996633 0.06639896875
0 0.5988527247786507 0.6013541666666666 0.7311634867190423 0.758125
1 0.4377104377104377 0.30505208333333333 0.11218356403541598 0.053125
1 0.4259508666916075 0.35104166666666664 0.11218356403541578 0.053125
1 0.4216236438458661 0.3999479166666666 0.11218356403541578 0.053125
1 0.410562414266118 0.4490625 0.11218356403541598 0.053125
1 0.40455168973687494 0.49802083333333336 0.11218356403541598 0.053125
1 0.39668287816435965 0.54625 0.11218356403541588 0.053125
1 0.38846489587230326 0.5929166666666666 0.11218356403541588 0.053125
1 0.3774036662925552 0.6420312499999999 0.11218356403541588 0.053125
1 0.3708691856840005 0.6886458333333334 0.11218356403541588 0.053125
1 0.878575882279586 0.32838541666666665 0.11218356403541598 0.053125
1 0.8631874298540966 0.42640625 0.11218356403541598 0.053125
1 0.8723905723905725 0.3765625 0.11218356403541559 0.053125
1 0.8667290185808704 0.4270833333333333 0.11218356403541598 0.053125
1 0.8592093777278962 0.476875 0.11218356403541598 0.053125
1 0.8481481481481482 0.5259895833333333 0.11218356403541578 0.053125
1 0.8438209253024068 0.5748958333333334 0.11218356403541578 0.053125
1 0.8363012844494325 0.6246875000000001 0.11218356403541578 0.053125
1 0.8265743858336451 0.6721874999999999 0.11218356403541598 0.053125
1 0.8183564035415887 0.7188541666666667 0.11218356403541598 0.053125
2 0.511672278338945 0.30984375000000003 0.2850729517396185 0.07864583333333339
2 0.5004364633994264 0.35817708333333337 0.2850729517396183 0.07864583333333339
2 0.4869933906970944 0.40421874999999996 0.2850729517396185 0.07864583333333339
2 0.3456651178451179 0.4749237375 0.6112062356902357 0.48992544374999997 0.6186244343434344 0.4425448078125 0.35351346464646466 0.42822577656250005 0.3456651178451179 0.4749237375
2 0.33567444781144784 0.5193579796875001 0.61110267003367 0.53779814375 0.6159979057239058 0.49126820625 0.3508241818181818 0.47515159999999995 0.33567444781144784 0.5193579796875001
2 0.344887202020202 0.5700553359375 0.6001966801346801 0.586768284375 0.6055665690235691 0.5420898000000001 0.35051311784511785 0.526410378125 0.344887202020202 0.5700553359375
2 0.33430498653198654 0.61519576875 0.592142037037037 0.6371899671875 0.6000178148148148 0.5930781671875 0.34469393265993264 0.5738815796875001 0.33430498653198654 0.61519576875
2 0.32248398316498317 0.6639197640625001 0.584844303030303 0.6871341156249999 0.6009978754208753 0.6431037468749999 0.33585114478114475 0.621201675 0.32248398316498317 0.6639197640625001
2 0.3121093501683502 0.7095200140625 0.575474367003367 0.73524818125 0.5839373804713806 0.690803509375 0.32981621885521883 0.6700676828125001 0.3121093501683502 0.7095200140625
2 0.7907968574635241 0.32244791666666667 0.2873924429479983 0.07406249999999996
2 0.7832772166105499 0.37223958333333335 0.2873924429479987 0.07406249999999996
2 0.7770919067215364 0.42041666666666666 0.2900611048759197 0.07104166666666671
2 0.7648709315375982 0.4719270833333333 0.29412644968200524 0.07427083333333329
2 0.7570021199650829 0.52015625 0.2829779274223718 0.06927083333333321
2 0.7541838134430727 0.5682291666666666 0.2937772789624641 0.07270833333333329
2 0.7463150018705574 0.6164583333333333 0.27961092405536864 0.06916666666666664
2 0.7387953610175833 0.66625 0.28634493078937534 0.06937500000000014
2 0.7306397306397306 0.7207812499999999 0.2765930914079062 0.07062500000000008
5 0.5891757076942262 0.3153125 0.1189175707694227 0.05333333333333332
5 0.5813068961217109 0.3635416666666667 0.1189175707694227 0.05333333333333332
5 0.5734380845491958 0.41177083333333336 0.1189175707694227 0.05333333333333332
5 0.5662676144157626 0.46312499999999995 0.11891757076942251 0.05333333333333332
5 0.5570644718792868 0.51296875 0.1189175707694227 0.05333333333333332
5 0.5508791619902731 0.5611458333333333 0.11891757076942251 0.05333333333333332
5 0.5469011098640728 0.6116145833333333 0.1189175707694227 0.05333333333333332
5 0.5390322982915576 0.6598437500000001 0.1189175707694227 0.05333333333333332
5 0.5311634867190423 0.7080729166666667 0.11891757076942251 0.05333333333333332
5 0.7033670033670033 0.31807291666666665 0.1189175707694227 0.05333333333333332
5 0.695498191794488 0.36630208333333336 0.1189175707694227 0.05333333333333332
5 0.6928544706322484 0.41515625 0.1189175707694227 0.05333333333333332
5 0.6808080808080808 0.4674479166666667 0.1189175707694227 0.05333333333333332
5 0.6764808579623394 0.5163541666666667 0.1189175707694227 0.053333333333333496
5 0.6699463773537847 0.56296875 0.1189175707694227 0.05333333333333332
5 0.6654445691482729 0.61109375 0.1189175707694227 0.05333333333333332
5 0.6579249282952986 0.6608854166666667 0.1189175707694227 0.053333333333333496
5 0.6487841376730265 0.7185937499999999 0.1189175707694227 0.05333333333333332
4 1 0.9511145484375 0.9274559730639731 0.9081783546875 0.8175681043771044 0.8387280921875 0.740459303030303 0.7818803625 0.6537137441077442 0.7123854734374999 0.5928870437710438 0.68049146875 0.5663569528619529 0.6282634984375 0.5611800942760943 0.5733293500000001 0.5885934242424243 0.5004482218749999 0.5936837441077442 0.4395492265625 0.6135994680134681 0.347174478125 0.5912675656565657 0.2744613484375 0.5241772693602693 0.254885965625 0.5000455185185185 0.24678187187499998 0.4502694646464646 0.252087946875 0.4059626026936027 0.2645701078125 0.38683272053872053 0.29504505000000003 0.3846062255892256 0.3451780484375 0.38078696632996634 0.3761531421875 0.3928188956228956 0.4103327421875 0.3782986430976431 0.44931177812499995 0.3646018484848485 0.51877083125 0.35570536700336697 0.5563083890625 0.3261200404040404 0.607801396875 0.3083944747474747 0.6291412875 0.24397893939393936 0.6456848843749999 0.21005982491582492 0.646932109375 0.15081353535353537 0.645236346875 0.14392949494949495 0.6440684234375 0.21605006734006735 0.9667999359375001 0.6292053804713805 0.9874475390624999 1 0.97597608125 1 0.9511145484375