6 0.8839043037974683 1 0.6980175379746836 0.8402783156250001 0.5488068512658228 0.997287946875 0.5911610221518987 1 0.8839043037974683 1
0 0.8546208860759494 0.857397515625 0.8618577816455696 0.049227640625 0.6620392974683544 0.0309354890625 0.5353627848101267 0.0215384375 0.45743934177215195 0.018403462500000002 0.5220868955696202 0.82795923125 0.8546208860759494 0.857397515625
1 0.4678270042194092 0.7480960648148148 0.10443037974683544 0.04600694444444446
1 0.46677215189873417 0.7016030092592593 0.0988045007032349 0.04887731481481481
1 0.4586849507735583 0.6517303240740742 0.10196905766526022 0.04900462962962955
1 0.4586849507735584 0.6029571759259259 0.09915611814346004 0.05043981481481481
1 0.45305907172995785 0.5500868055555556 0.09845288326300977 0.04731481481481481
1 0.4462025316455696 0.4987152777777778 0.09915611814345986 0.05043981481481481
1 0.4386427566807314 0.44421875 0.1047819971870604 0.04756944444444446
1 0.4370604781997187 0.38841435185185186 0.10759493670886076 0.0461342592592592
1 0.42914908579465544 0.3323553240740741 0.0988045007032349 0.04887731481481481
1 0.918776371308017 0.7801736111111112 0.0956399437412094 0.04875000000000007
1 0.9208860759493671 0.7338078703703703 0.10513361462728535 0.049131944444444464
1 0.9208860759493671 0.6850347222222222 0.09528832630098445 0.04718750000000007
1 0.9219409282700423 0.6339814814814815 0.09528832630098445 0.04718750000000007
1 0.9182489451476794 0.5827372685185186 0.10126582278481013 0.04587962962962955
1 0.9210618846694796 0.5325289351851852 0.10126582278481013 0.04587962962962955
1 0.9189521800281295 0.4813483796296296 0.1047819971870604 0.04756944444444446
1 0.9208860759493671 0.4272337962962963 0.10864978902953598 0.050821759259259205
1 0.9194796061884669 0.37221064814814814 0.10548523206751032 0.050694444444444466
2 0.5462376933895922 0.7551215277777777 0.27918424753867793 0.07006944444444443
2 0.5430731364275668 0.7062210648148148 0.27461322081575246 0.0636921296296297
2 0.5413150492264416 0.6566030092592593 0.2795358649789031 0.07163194444444443
2 0.540084388185654 0.6023611111111111 0.2841068917018284 0.06407407407407409
2 0.5335794655414908 0.5525520833333333 0.28164556962025317 0.06707175925925916
2 0.5312939521800282 0.5005902777777778 0.27812939521800273 0.06538194444444442
2 0.5268987341772152 0.4462210648148147 0.28305203938115336 0.07332175925925917
2 0.5253164556962026 0.3904166666666667 0.28586497890295354 0.07188657407407409
2 0.5174050632911392 0.33435763888888886 0.2886779184247539 0.07045138888888883
2 0.8333333333333333 0.7767361111111111 0.27531645569620256 0.06681712962962968
2 0.828762306610408 0.7285532407407407 0.2872714486638539 0.064201388888889
2 0.8347398030942335 0.6784722222222223 0.30063291139240506 0.06783564814814813
2 0.8263009845288326 0.6270370370370371 0.2978199718706047 0.06927083333333321
2 0.8257735583684951 0.5759201388888889 0.30063291139240506 0.06783564814814813
2 0.8252461322081575 0.5248032407407408 0.3069620253164557 0.06809027777777779
2 0.8233122362869197 0.47440393518518514 0.30801687763713054 0.07277777777777779
2 0.818565400843882 0.4184722222222222 0.310478199718706 0.06978009259259252
2 0.8203234880450071 0.3566087962962963 0.31258790436005607 0.07915509259259253
5 0.6269338959212376 0.7583680555555555 0.10900140646976093 0.0523842592592592
5 0.6227144866385372 0.7117476851851852 0.10900140646976093 0.05238425925925938
5 0.6206047819971869 0.6605671296296297 0.1093530239099859 0.05394675925925938
5 0.6163853727144866 0.6069791666666667 0.11286919831223617 0.055636574074074116
5 0.6126933895921237 0.5557349537037037 0.11216596343178625 0.05251157407407412
5 0.6105836849507736 0.5045543981481482 0.1191983122362868 0.055891203703703596
5 0.609704641350211 0.45187499999999997 0.12271448663853725 0.05758101851851851
5 0.6051336146272855 0.39672453703703703 0.12201125175808716 0.054456018518518515
5 0.6031997187060478 0.33935763888888887 0.11286919831223635 0.055636574074074116
5 0.7443741209563994 0.7716087962962963 0.10900140646976093 0.05238425925925938
5 0.7426160337552742 0.7219907407407408 0.10759493670886076 0.0461342592592592
5 0.7422644163150491 0.6716550925925926 0.11497890295358662 0.05107638888888886
5 0.7373417721518988 0.6219097222222223 0.11568213783403652 0.054201388888888855
5 0.7368143459915611 0.5707928240740741 0.11884669479606184 0.054328703703703594
5 0.7392756680731364 0.5190219907407407 0.11638537271448662 0.05732638888888886
5 0.7348804500703235 0.4646527777777777 0.1093530239099859 0.05394675925925938
5 0.7336497890295358 0.41041087962962963 0.11603375527426148 0.055763888888888856
5 0.734001406469761 0.3492650462962963 0.12306610407876238 0.05914351851851851