6 0.5050505050505051 0.25625 0.6932875420875421 0.088921875 0.32224646464646467 0.0921875 0.5050505050505051 0.25625
0 0.4882154882154882 0.60625 0.27946127946127947 0.6859375
1 0.29292929292929293 0.334375 0.08417508417508418 0.040625
1 0.29292929292929293 0.378125 0.08417508417508418 0.040625
1 0.29292929292929293 0.4234375 0.08417508417508418 0.040625
1 0.29292929292929293 0.471875 0.08417508417508418 0.040625
1 0.2895622895622896 0.5171875 0.08417508417508418 0.040625
1 0.2895622895622896 0.5625 0.08417508417508418 0.040625
1 0.2895622895622896 0.6078125 0.08417508417508418 0.040625
1 0.2895622895622896 0.6546875 0.08417508417508418 0.040625
1 0.2895622895622896 0.6984375 0.08417508417508418 0.040625
1 0.7104377104377104 0.3359375 0.08417508417508418 0.040625
1 0.7104377104377104 0.4296875 0.08417508417508418 0.040625
1 0.7104377104377104 0.38125 0.08417508417508418 0.040625
1 0.7138047138047138 0.428125 0.08417508417508418 0.040625
1 0.7138047138047138 0.4765625 0.08417508417508418 0.040625
1 0.7104377104377104 0.5234375 0.08417508417508418 0.040625
1 0.7138047138047138 0.56875 0.08417508417508418 0.040625
1 0.7138047138047138 0.615625 0.08417508417508418 0.040625
1 0.7104377104377104 0.6609375 0.08417508417508418 0.040625
1 0.7104377104377104 0.70625 0.08417508417508418 0.040625
2 0.36363636363636365 0.3359375 0.24242424242424243 0.046875
2 0.3602693602693603 0.38125 0.24242424242424243 0.046875
2 0.3569023569023569 0.4265625 0.24242424242424243 0.046875
2 0.4837400673400674 0.455265625 0.234420202020202 0.45426124999999995 0.23383703703703704 0.49846312499999995 0.4836565656565656 0.500088125 0.4837400673400674 0.455265625
2 0.48831919191919193 0.50112375 0.2386814814814815 0.498435 0.23092929292929293 0.540640625 0.4904659932659932 0.545029375 0.48831919191919193 0.50112375
2 0.48592188552188553 0.5493175 0.2457858585858586 0.546564375 0.24683501683501685 0.58779625 0.48735892255892255 0.5915075 0.48592188552188553 0.5493175
2 0.48810235690235687 0.59743875 0.247206734006734 0.591396875 0.24347744107744107 0.630664375 0.48712053872053873 0.639214375 0.48810235690235687 0.59743875
2 0.49623299663299664 0.64435 0.2457858585858586 0.636229375 0.2394814814814815 0.676954375 0.48751919191919196 0.6864375 0.49623299663299664 0.64435
2 0.4872026936026936 0.689924375 0.247206734006734 0.6823812499999999 0.2363838383838384 0.7202443749999999 0.4857212121212121 0.73204 0.4872026936026936 0.689924375
2 0.6262626262626263 0.334375 0.24242424242424243 0.0421875
2 0.6262626262626263 0.38125 0.24579124579124578 0.0421875
2 0.6296296296296297 0.428125 0.25252525252525254 0.0390625
2 0.6262626262626263 0.475 0.25252525252525254 0.0421875
2 0.6262626262626263 0.5203125 0.24242424242424243 0.0390625
2 0.6296296296296297 0.5671875 0.24915824915824916 0.040625
2 0.6262626262626263 0.6140625 0.24242424242424243 0.0375
2 0.6296296296296297 0.659375 0.24915824915824916 0.0390625
2 0.6296296296296297 0.7109375 0.2356902356902357 0.040625
5 0.4377104377104377 0.3375 0.08754208754208755 0.040625
5 0.4377104377104377 0.3828125 0.08754208754208755 0.040625
5 0.4377104377104377 0.4296875 0.08754208754208755 0.040625
5 0.4377104377104377 0.478125 0.08754208754208755 0.040625
5 0.4377104377104377 0.5234375 0.08754208754208755 0.040625
5 0.4377104377104377 0.5703125 0.08754208754208755 0.040625
5 0.44107744107744107 0.6171875 0.08754208754208755 0.040625
5 0.44107744107744107 0.6640625 0.08754208754208755 0.040625
5 0.44107744107744107 0.7078125 0.08754208754208755 0.040625
5 0.5454545454545454 0.334375 0.08754208754208755 0.040625
5 0.5454545454545454 0.38125 0.08754208754208755 0.040625
5 0.5488215488215489 0.4265625 0.08754208754208755 0.040625
5 0.5454545454545454 0.475 0.08754208754208755 0.040625
5 0.5488215488215489 0.521875 0.08754208754208755 0.040625
5 0.5488215488215489 0.565625 0.08754208754208755 0.040625
5 0.5521885521885522 0.6125 0.08754208754208755 0.040625
5 0.5521885521885522 0.659375 0.08754208754208755 0.040625
5 0.5521885521885522 0.7125 0.08754208754208755 0.040625
4 0.9917548821548822 0.954204375 0.8389414141414142 0.877851875 0.7264363636363637 0.8178162499999999 0.6463205387205387 0.7680724999999999 0.5553925925925927 0.7069093750000001 0.49406195286195287 0.679825 0.4617845117845118 0.632045 0.44903164983164984 0.580723125 0.4640848484848485 0.51102625 0.460047138047138 0.45362375000000005 0.46529562289562293 0.365980625 0.43397845117845124 0.298775 0.368583164983165 0.2835475 0.3449077441077441 0.2770725 0.29924983164983165 0.284388125 0.25972794612794614 0.298183125 0.2462828282828283 0.32768625 0.25143838383838385 0.37484875 0.25234478114478115 0.40410312499999995 0.2684969696969697 0.435621875 0.26057777777777774 0.47289125 0.257823569023569 0.5387325 0.25494141414141414 0.574385 0.2347771043771044 0.6241075 0.2213239057239057 0.64497 0.16363367003367005 0.6635206250000001 0.13217912457912456 0.6662825 0.07667878787878787 0.66747 0.04354208754208754 0.663580625 0.008852525252525252 0.62649625 0.0141010101010101 0.604253125 0.13642020202020202 0.606525625 0.17922289562289562 0.591696875 0.18106127946127945 0.5329906249999999 0.1720242424242424 0.465626875 0.14007003367003368 0.45001749999999996 0.007706397306397307 0.443760625 0 0.999375 0.9946572390572391 0.999375 0.9917548821548822 0.954204375